3 0.41640625 0.8601851851851852 0.030729166666666665 0.14444444444444446
0 0.39166666666666666 0.6319444444444444 0.011458333333333333 0.04166666666666667
0 0.4278645833333333 0.5694444444444444 0.0109375 0.03888888888888889
0 0.45468749999999997 0.513888888888889 0.010416666666666666 0.037037037037037035
0 0.48151041666666666 0.46296296296296297 0.0078125 0.031481481481481485
0 0.4783854166666667 0.42083333333333334 0.008854166666666666 0.032407407407407406
0 0.4778645833333333 0.3819444444444445 0.005729166666666666 0.025
0 0.47760416666666666 0.34675925925925927 0.007291666666666667 0.028703703703703703
0 0.4752604166666667 0.3162037037037037 0.0067708333333333336 0.025
0 0.4752604166666667 0.2884259259259259 0.0046875 0.019444444444444445
0 0.4744791666666667 0.26296296296296295 0.00625 0.022222222222222223
12 0.4552083333333333 0.45555555555555555 0.021875 0.08518518518518518
12 0.4145833333333333 0.4949074074074074 0.029166666666666667 0.09351851851851853
11 0.4265625 0.4425925925925926 0.019791666666666666 0.053703703703703705
7 0.4947916666666667 0.0925925925925926 0.03229166666666666 0.0462962962962963
