3 0.43723958333333335 0.6680555555555556 0.018229166666666668 0.10648148148148148
5 0.42265625 0.3851851851851852 0.013020833333333334 0.07777777777777778
5 0.4731770833333333 0.35833333333333334 0.011979166666666666 0.06851851851851852
8 0.44296874999999997 0.3662037037037037 0.0140625 0.06944444444444445
0 0.4122395833333333 0.5435185185185185 0.0078125 0.03333333333333333
0 0.44140625 0.4953703703703704 0.0078125 0.031481481481481485
0 0.46484375 0.4527777777777778 0.0078125 0.02962962962962963
0 0.48854166666666665 0.41435185185185186 0.007291666666666667 0.026851851851851852
0 0.4856770833333333 0.37777777777777777 0.0067708333333333336 0.02777777777777778
0 0.4848958333333333 0.34861111111111115 0.00625 0.025
0 0.48411458333333335 0.3212962962962963 0.005729166666666666 0.022222222222222223
0 0.4822916666666667 0.2962962962962963 0.00625 0.022222222222222223
0 0.48203124999999997 0.2726851851851852 0.005729166666666666 0.021296296296296296
0 0.48125 0.2523148148148148 0.005208333333333333 0.019444444444444445
7 0.4981770833333333 0.10370370370370371 0.0265625 0.044444444444444446
