7 0.4984375 0.05648148148148149 0.027083333333333334 0.044444444444444446
0 0.48203124999999997 0.18564814814814815 0.0067708333333333336 0.019444444444444445
0 0.48333333333333334 0.20416666666666666 0.007291666666666667 0.019444444444444445
0 0.48411458333333335 0.22175925925925927 0.0078125 0.021296296296296296
0 0.48593749999999997 0.24444444444444446 0.007291666666666667 0.022222222222222223
0 0.4864583333333333 0.26712962962962966 0.00625 0.02314814814814815
0 0.48723958333333334 0.2925925925925926 0.0078125 0.024074074074074074
0 0.4895833333333333 0.3189814814814815 0.007291666666666667 0.025
0 0.46901041666666665 0.35000000000000003 0.0078125 0.02962962962962963
0 0.4484375 0.38333333333333336 0.005208333333333333 0.02777777777777778
3 0.4432291666666667 0.5314814814814816 0.01875 0.09444444444444444
12 0.45338541666666665 0.4189814814814815 0.019270833333333334 0.08055555555555556
12 0.4270833333333333 0.4416666666666667 0.016666666666666666 0.09074074074074075
11 0.43385416666666665 0.4115740740740741 0.015625 0.0787037037037037
