12 0.45598958333333334 0.7513888888888889 0.03177083333333333 0.125
12 0.3848958333333333 0.7606481481481482 0.025 0.13611111111111113
11 0.40260416666666665 0.662962962962963 0.020833333333333332 0.11666666666666667
0 0.39401041666666664 0.9583333333333334 0.0203125 0.061111111111111116
0 0.47421874999999997 0.6564814814814816 0.015104166666666667 0.05
0 0.47161458333333334 0.5842592592592593 0.0140625 0.0462962962962963
0 0.47291666666666665 0.525 0.009375 0.04259259259259259
0 0.4708333333333333 0.47453703703703703 0.010416666666666666 0.03796296296296296
0 0.47031249999999997 0.4291666666666667 0.010416666666666666 0.03425925925925926
0 0.46979166666666666 0.3893518518518519 0.008333333333333333 0.032407407407407406
7 0.4934895833333333 0.1462962962962963 0.033854166666666664 0.06296296296296297
0 0.4380208333333333 0.837037037037037 0.015625 0.05555555555555556
