0 0.4315104166666667 0.9287037037037037 0.01614583333333333 0.05555555555555556
0 0.4739583333333333 0.812962962962963 0.013541666666666667 0.0462962962962963
0 0.4708333333333333 0.7171296296296297 0.0125 0.04537037037037037
0 0.47031249999999997 0.6370370370370371 0.010416666666666666 0.044444444444444446
0 0.47031249999999997 0.5694444444444444 0.011458333333333333 0.037037037037037035
0 0.46770833333333334 0.5111111111111112 0.011458333333333333 0.03518518518518519
0 0.46848958333333335 0.4625 0.009895833333333333 0.030555555555555558
0 0.4671875 0.4189814814814815 0.009375 0.030555555555555558
12 0.4359375 0.7458333333333333 0.029166666666666667 0.1175925925925926
12 0.36614583333333334 0.7935185185185185 0.028125 0.1388888888888889
11 0.40208333333333335 0.6935185185185185 0.02395833333333333 0.11481481481481481
7 0.4934895833333333 0.15694444444444444 0.034895833333333334 0.06018518518518519
