7 0.49192708333333335 0.1638888888888889 0.0328125 0.061111111111111116
0 0.4708333333333333 0.38287037037037036 0.009375 0.028703703703703703
0 0.47109375 0.4166666666666667 0.0109375 0.031481481481481485
0 0.47213541666666664 0.45555555555555555 0.009895833333333333 0.02962962962962963
0 0.47421874999999997 0.5 0.008854166666666666 0.031481481481481485
0 0.4752604166666667 0.5504629629629629 0.0109375 0.03425925925925926
0 0.47630208333333335 0.6087962962962963 0.0109375 0.036111111111111115
0 0.4791666666666667 0.6768518518518519 0.0125 0.03888888888888889
0 0.44479166666666664 0.7560185185185185 0.011458333333333333 0.04537037037037037
0 0.4088541666666667 0.850925925925926 0.013541666666666667 0.05
0 0.35833333333333334 0.9680555555555556 0.014583333333333334 0.049074074074074076
5 0.43255208333333334 0.4962962962962963 0.0171875 0.09074074074074075
9 0.4046875 0.5078703703703704 0.021875 0.09537037037037037
5 0.39401041666666664 0.5305555555555556 0.0171875 0.09444444444444444
