3 0.42916666666666664 0.7458333333333333 0.020833333333333332 0.11388888888888889
5 0.4184895833333333 0.4134259259259259 0.019270833333333334 0.08055555555555556
5 0.4669270833333333 0.40231481481481485 0.015104166666666667 0.075
8 0.4440104166666667 0.4087962962962963 0.01614583333333333 0.07314814814814816
0 0.40338541666666666 0.5990740740740741 0.008854166666666666 0.03518518518518519
0 0.4354166666666667 0.5425925925925926 0.009375 0.03518518518518519
0 0.46067708333333335 0.4935185185185185 0.008854166666666666 0.03333333333333333
0 0.48541666666666666 0.45046296296296295 0.008333333333333333 0.030555555555555558
0 0.4830729166666667 0.41250000000000003 0.0078125 0.028703703703703703
0 0.48203124999999997 0.3787037037037037 0.0078125 0.02777777777777778
0 0.48151041666666666 0.3476851851851852 0.0078125 0.026851851851851852
0 0.47942708333333334 0.3194444444444445 0.0078125 0.02592592592592593
0 0.47942708333333334 0.2953703703703704 0.0067708333333333336 0.020370370370370372
0 0.47812499999999997 0.2726851851851852 0.00625 0.02314814814814815
7 0.49635416666666665 0.11435185185185186 0.027083333333333334 0.04722222222222222
