5 0.3890625 0.5800925925925926 0.013541666666666667 0.10277777777777779
4 0.403125 0.5666666666666667 0.013541666666666667 0.09074074074074075
6 0.4322916666666667 0.5472222222222223 0.019791666666666666 0.08703703703703704
7 0.4927083333333333 0.18101851851851852 0.03125 0.05648148148148149
0 0.4393229166666667 0.8777777777777778 0.0140625 0.05
0 0.47760416666666666 0.7759259259259259 0.010416666666666666 0.03888888888888889
0 0.4747395833333333 0.6930555555555555 0.008854166666666666 0.03796296296296296
0 0.4731770833333333 0.6212962962962963 0.008854166666666666 0.03518518518518519
0 0.47291666666666665 0.5625 0.008333333333333333 0.030555555555555558
0 0.4705729166666667 0.5097222222222222 0.008854166666666666 0.030555555555555558
0 0.4705729166666667 0.4652777777777778 0.0067708333333333336 0.028703703703703703
0 0.46875 0.4226851851851852 0.007291666666666667 0.028703703703703703
