0 0.47109375 0.8967592592592593 0.0140625 0.05092592592592593
0 0.46953125 0.7916666666666667 0.013020833333333334 0.044444444444444446
0 0.4700520833333333 0.7032407407407407 0.0109375 0.04537037037037037
0 0.46770833333333334 0.6319444444444444 0.0125 0.03981481481481482
0 0.4674479166666667 0.5689814814814815 0.009895833333333333 0.03796296296296296
0 0.46640624999999997 0.5148148148148148 0.009895833333333333 0.037037037037037035
6 0.4427083333333333 0.6194444444444445 0.016666666666666666 0.1
4 0.3984375 0.6300925925925926 0.015625 0.10648148148148148
5 0.3736979166666667 0.6643518518518519 0.0203125 0.1175925925925926
7 0.49374999999999997 0.2125 0.035416666666666666 0.062037037037037036
