3 0.4265625 0.8018518518518519 0.021875 0.12037037037037038
5 0.4119791666666667 0.4361111111111111 0.019791666666666666 0.08333333333333334
5 0.4700520833333333 0.4277777777777778 0.0140625 0.07777777777777778
0 0.4 0.6370370370370371 0.010416666666666666 0.037037037037037035
0 0.43359375 0.575925925925926 0.009895833333333333 0.037037037037037035
0 0.4596354166666667 0.5217592592592593 0.009895833333333333 0.036111111111111115
0 0.48593749999999997 0.47500000000000003 0.008333333333333333 0.031481481481481485
0 0.48333333333333334 0.4342592592592593 0.008333333333333333 0.02962962962962963
0 0.4817708333333333 0.39861111111111114 0.008333333333333333 0.026851851851851852
0 0.4809895833333333 0.3648148148148148 0.0067708333333333336 0.02592592592592593
0 0.4791666666666667 0.33564814814814814 0.00625 0.025
0 0.4791666666666667 0.3092592592592593 0.00625 0.024074074074074074
0 0.47812499999999997 0.28425925925925927 0.00625 0.024074074074074074
7 0.49609375 0.11990740740740741 0.028645833333333332 0.04537037037037037
8 0.43984375 0.43333333333333335 0.015104166666666667 0.07962962962962963
