7 0.4927083333333333 0.14722222222222223 0.03229166666666666 0.05740740740740741
0 0.47291666666666665 0.3439814814814815 0.008333333333333333 0.028703703703703703
0 0.47421874999999997 0.37222222222222223 0.008854166666666666 0.02777777777777778
0 0.475 0.4083333333333333 0.008333333333333333 0.02962962962962963
0 0.47760416666666666 0.44583333333333336 0.009375 0.032407407407407406
0 0.4778645833333333 0.487962962962963 0.008854166666666666 0.03333333333333333
0 0.4786458333333333 0.5370370370370371 0.009375 0.03518518518518519
0 0.4822916666666667 0.5912037037037037 0.0125 0.03425925925925926
0 0.45208333333333334 0.6546296296296297 0.011458333333333333 0.040740740740740744
0 0.4200520833333333 0.7305555555555556 0.011979166666666666 0.04259259259259259
0 0.37838541666666664 0.8203703703703704 0.011979166666666666 0.044444444444444446
5 0.45677083333333335 0.4671296296296297 0.019791666666666666 0.08611111111111111
8 0.4184895833333333 0.475462962962963 0.01614583333333333 0.08425925925925926
5 0.4067708333333333 0.4981481481481482 0.015625 0.08888888888888889
