7 0.4927083333333333 0.15231481481481482 0.03125 0.058333333333333334
0 0.471875 0.3550925925925926 0.007291666666666667 0.028703703703703703
0 0.4734375 0.38657407407407407 0.007291666666666667 0.030555555555555558
0 0.4739583333333333 0.4226851851851852 0.009375 0.028703703703703703
0 0.47630208333333335 0.46111111111111114 0.008854166666666666 0.02962962962962963
0 0.47682291666666665 0.5074074074074074 0.0109375 0.03333333333333333
0 0.4783854166666667 0.5578703703703703 0.011979166666666666 0.03425925925925926
0 0.48125 0.6162037037037037 0.011458333333333333 0.036111111111111115
0 0.45 0.6842592592592592 0.011458333333333333 0.040740740740740744
0 0.41640625 0.7675925925925926 0.011979166666666666 0.04814814814814815
0 0.37265625 0.8638888888888889 0.0140625 0.0462962962962963
5 0.44609375 0.47962962962962963 0.01614583333333333 0.08703703703703704
8 0.41875 0.4851851851851852 0.01875 0.08148148148148149
5 0.3984375 0.5092592592592593 0.01875 0.09444444444444444
