5 0.39088541666666665 0.5638888888888889 0.013020833333333334 0.1
4 0.40546875 0.5541666666666667 0.015104166666666667 0.09722222222222222
10 0.43359375 0.5402777777777777 0.019270833333333334 0.08981481481481482
0 0.39921875 0.9643518518518519 0.0140625 0.04537037037037037
0 0.44036458333333334 0.8490740740740741 0.0140625 0.05
0 0.4778645833333333 0.7513888888888889 0.013020833333333334 0.04351851851851852
0 0.47578125 0.6736111111111112 0.013020833333333334 0.04166666666666667
0 0.4744791666666667 0.6050925925925926 0.010416666666666666 0.03981481481481482
0 0.4734375 0.5481481481481482 0.009375 0.03333333333333333
0 0.47161458333333334 0.4962962962962963 0.009895833333333333 0.03333333333333333
0 0.47161458333333334 0.4527777777777778 0.008854166666666666 0.02962962962962963
0 0.4700520833333333 0.41435185185185186 0.0067708333333333336 0.028703703703703703
7 0.49244791666666665 0.17407407407407408 0.03177083333333333 0.053703703703703705
