0 0.47421874999999997 0.9527777777777778 0.01614583333333333 0.053703703703703705
0 0.4708333333333333 0.8375 0.015625 0.05092592592592593
0 0.46953125 0.7412037037037037 0.011979166666666666 0.04537037037037037
0 0.4692708333333333 0.663425925925926 0.0125 0.04166666666666667
0 0.4671875 0.5958333333333333 0.011458333333333333 0.03796296296296296
0 0.4671875 0.5393518518518519 0.011458333333333333 0.036111111111111115
0 0.4661458333333333 0.48935185185185187 0.010416666666666666 0.03425925925925926
6 0.4359375 0.6023148148148149 0.019791666666666666 0.10092592592592593
4 0.3888020833333333 0.6138888888888889 0.01614583333333333 0.1
5 0.37786458333333334 0.6453703703703704 0.019270833333333334 0.11481481481481481
7 0.49296875 0.20324074074074075 0.034895833333333334 0.0638888888888889
