7 0.4921875 0.18333333333333335 0.0375 0.06666666666666667
0 0.4627604166666667 0.4939814814814815 0.008854166666666666 0.03425925925925926
0 0.4640625 0.5486111111111112 0.010416666666666666 0.036111111111111115
0 0.4635416666666667 0.6138888888888889 0.011458333333333333 0.040740740740740744
0 0.46458333333333335 0.6898148148148149 0.011458333333333333 0.04259259259259259
0 0.4640625 0.7810185185185186 0.014583333333333334 0.04722222222222222
0 0.46458333333333335 0.8902777777777778 0.014583333333333334 0.05092592592592593
12 0.35911458333333335 0.8490740740740741 0.0296875 0.1462962962962963
12 0.42291666666666666 0.7625000000000001 0.03333333333333333 0.1212962962962963
11 0.3807291666666667 0.7819444444444444 0.021875 0.125
