7 0.49296875 0.13333333333333333 0.0328125 0.05555555555555556
12 0.38828125 0.6935185185185185 0.0265625 0.12222222222222223
12 0.46458333333333335 0.6851851851851852 0.02395833333333333 0.11111111111111112
11 0.40963541666666664 0.6347222222222223 0.021354166666666667 0.10277777777777779
0 0.46979166666666666 0.3592592592592593 0.009375 0.031481481481481485
0 0.47161458333333334 0.39490740740740743 0.0109375 0.032407407407407406
0 0.47109375 0.4351851851851852 0.009895833333333333 0.03518518518518519
0 0.47213541666666664 0.48194444444444445 0.0140625 0.03425925925925926
0 0.47369791666666666 0.5351851851851852 0.0109375 0.03518518518518519
0 0.47421874999999997 0.5953703703703704 0.011979166666666666 0.040740740740740744
0 0.47734375 0.6680555555555556 0.011979166666666666 0.03796296296296296
0 0.44140625 0.750925925925926 0.013020833333333334 0.04814814814814815
0 0.40234375 0.850925925925926 0.015104166666666667 0.05
0 0.35052083333333334 0.9712962962962963 0.021875 0.05555555555555556
