7 0.4940104166666667 0.06712962962962964 0.0265625 0.04722222222222222
0 0.4765625 0.20740740740740743 0.008333333333333333 0.020370370370370372
0 0.47760416666666666 0.22870370370370371 0.007291666666666667 0.020370370370370372
0 0.4783854166666667 0.2490740740740741 0.0078125 0.024074074074074074
0 0.4796875 0.27222222222222225 0.008333333333333333 0.022222222222222223
0 0.48020833333333335 0.2990740740740741 0.009375 0.024074074074074074
0 0.48151041666666666 0.3287037037037037 0.009895833333333333 0.02777777777777778
0 0.48411458333333335 0.3592592592592593 0.0078125 0.02962962962962963
0 0.4614583333333333 0.39490740740740743 0.009375 0.030555555555555558
0 0.43906249999999997 0.4361111111111111 0.010416666666666666 0.031481481481481485
0 0.4109375 0.47962962962962963 0.009375 0.03518518518518519
12 0.4479166666666667 0.4064814814814815 0.016666666666666666 0.08518518518518518
12 0.42343749999999997 0.4300925925925926 0.016666666666666666 0.08796296296296297
11 0.4184895833333333 0.40694444444444444 0.0140625 0.08055555555555556
3 0.43072916666666666 0.6157407407407408 0.02395833333333333 0.10555555555555556
