7 0.4921875 0.16481481481481483 0.03229166666666666 0.05925925925925926
0 0.47031249999999997 0.3837962962962963 0.007291666666666667 0.028703703703703703
0 0.47161458333333334 0.42083333333333334 0.0078125 0.028703703703703703
0 0.47213541666666664 0.4587962962962963 0.008854166666666666 0.030555555555555558
0 0.47421874999999997 0.5032407407407408 0.009895833333333333 0.032407407407407406
0 0.47421874999999997 0.5546296296296297 0.0109375 0.03333333333333333
0 0.47604166666666664 0.6125 0.0125 0.03796296296296296
0 0.4791666666666667 0.6828703703703703 0.011458333333333333 0.03796296296296296
0 0.44505208333333335 0.7643518518518518 0.013020833333333334 0.04537037037037037
0 0.4080729166666667 0.8606481481481482 0.0140625 0.04722222222222222
0 0.3580729166666667 0.9740740740740741 0.015104166666666667 0.04814814814814815
5 0.4375 0.4967592592592593 0.019791666666666666 0.08981481481481482
4 0.40520833333333334 0.5087962962962963 0.015625 0.09166666666666667
5 0.39401041666666664 0.5324074074074074 0.01614583333333333 0.1
