3 0.4283854166666667 0.7689814814814815 0.0203125 0.1175925925925926
5 0.41484375 0.4236111111111111 0.0171875 0.08240740740740742
5 0.46796875 0.4138888888888889 0.015104166666666667 0.07407407407407407
8 0.44244791666666666 0.42314814814814816 0.0140625 0.07777777777777778
0 0.40208333333333335 0.6138888888888889 0.009375 0.037037037037037035
0 0.4348958333333333 0.5569444444444445 0.009375 0.03425925925925926
0 0.46067708333333335 0.5050925925925926 0.009895833333333333 0.03425925925925926
0 0.4856770833333333 0.46111111111111114 0.008854166666666666 0.031481481481481485
0 0.48359375 0.4222222222222222 0.008854166666666666 0.02962962962962963
0 0.4817708333333333 0.38657407407407407 0.007291666666666667 0.026851851851851852
0 0.48151041666666666 0.35462962962962963 0.0078125 0.02592592592592593
0 0.4796875 0.3263888888888889 0.00625 0.025
0 0.47942708333333334 0.30092592592592593 0.005729166666666666 0.022222222222222223
0 0.4783854166666667 0.27731481481481485 0.005729166666666666 0.02314814814814815
7 0.4966145833333333 0.11574074074074074 0.027604166666666666 0.0462962962962963
