0 0.40911458333333334 0.500462962962963 0.0067708333333333336 0.03425925925925926
0 0.43776041666666665 0.4550925925925926 0.0067708333333333336 0.03425925925925926
0 0.4609375 0.41064814814814815 0.00625 0.026851851851851852
0 0.48333333333333334 0.3736111111111111 0.007291666666666667 0.025
0 0.4817708333333333 0.34074074074074073 0.00625 0.022222222222222223
0 0.48020833333333335 0.3074074074074074 0.004166666666666667 0.020370370370370372
0 0.4796875 0.2828703703703704 0.005208333333333333 0.025
0 0.4783854166666667 0.2574074074074074 0.0046875 0.020370370370370372
0 0.47760416666666666 0.23564814814814816 0.004166666666666667 0.019444444444444445
0 0.47760416666666666 0.21481481481481482 0.005208333333333333 0.018518518518518517
12 0.44765625 0.40370370370370373 0.015104166666666667 0.08518518518518518
12 0.41770833333333335 0.42638888888888893 0.015625 0.08055555555555556
11 0.42213541666666665 0.3819444444444445 0.009895833333333333 0.02314814814814815
3 0.43463541666666666 0.6472222222222223 0.019270833333333334 0.11481481481481481
3 0.4947916666666667 0.06805555555555556 0.030208333333333334 0.04722222222222222
