0 0.4934895833333333 0.12453703703703704 0.033854166666666664 0.05648148148148149
7 0.49296875 0.12361111111111112 0.0328125 0.05648148148148149
12 0.39609375 0.6615740740740741 0.025520833333333333 0.11944444444444445
12 0.4552083333333333 0.6425925925925926 0.021875 0.10925925925925926
11 0.421875 0.6074074074074074 0.021875 0.10740740740740741
0 0.47031249999999997 0.33842592592592596 0.008333333333333333 0.030555555555555558
0 0.47213541666666664 0.3726851851851852 0.0078125 0.030555555555555558
0 0.47239583333333335 0.40972222222222227 0.011458333333333333 0.032407407407407406
0 0.47369791666666666 0.4518518518518519 0.0109375 0.037037037037037035
0 0.47421874999999997 0.5013888888888889 0.011979166666666666 0.036111111111111115
0 0.47578125 0.5574074074074075 0.011979166666666666 0.037037037037037035
0 0.4783854166666667 0.6208333333333333 0.0140625 0.04166666666666667
0 0.4440104166666667 0.6986111111111112 0.015104166666666667 0.04166666666666667
0 0.4075520833333333 0.7875 0.015104166666666667 0.049074074074074076
0 0.35963541666666665 0.8953703703703704 0.01614583333333333 0.05
