0 0.43307291666666664 0.9717592592592593 0.01614583333333333 0.05277777777777778
0 0.47604166666666664 0.8518518518518519 0.014583333333333334 0.04814814814814815
0 0.47291666666666665 0.7560185185185185 0.014583333333333334 0.04537037037037037
0 0.4708333333333333 0.675 0.0125 0.040740740740740744
0 0.4671875 0.4537037037037037 0.009375 0.031481481481481485
0 0.46822916666666664 0.49768518518518523 0.009375 0.032407407407407406
0 0.46822916666666664 0.549537037037037 0.010416666666666666 0.03425925925925926
0 0.4705729166666667 0.6069444444444445 0.0109375 0.03981481481481482
5 0.3872395833333333 0.6152777777777778 0.0171875 0.10277777777777779
4 0.3927083333333333 0.5935185185185186 0.014583333333333334 0.0962962962962963
6 0.434375 0.575462962962963 0.01875 0.09722222222222222
7 0.49192708333333335 0.18981481481481483 0.033854166666666664 0.05555555555555556
