7 0.49765624999999997 0.05740740740740741 0.027604166666666666 0.044444444444444446
0 0.48151041666666666 0.18703703703703706 0.0067708333333333336 0.020370370370370372
0 0.48333333333333334 0.20601851851851852 0.005208333333333333 0.021296296296296296
0 0.48333333333333334 0.2240740740740741 0.007291666666666667 0.018518518518518517
0 0.48541666666666666 0.24583333333333335 0.00625 0.021296296296296296
0 0.48593749999999997 0.26944444444444443 0.007291666666666667 0.022222222222222223
0 0.48723958333333334 0.29444444444444445 0.008854166666666666 0.02592592592592593
0 0.4890625 0.32175925925925924 0.007291666666666667 0.025
0 0.46848958333333335 0.35324074074074074 0.0078125 0.028703703703703703
0 0.4471354166666667 0.38333333333333336 0.005729166666666666 0.022222222222222223
3 0.4427083333333333 0.5356481481481482 0.017708333333333333 0.09351851851851853
12 0.45078124999999997 0.4189814814814815 0.018229166666666668 0.0787037037037037
11 0.4328125 0.412962962962963 0.015625 0.08148148148148149
12 0.4270833333333333 0.44027777777777777 0.014583333333333334 0.08796296296296297
0 0.4203125 0.42453703703703705 0.005208333333333333 0.030555555555555558
