3 0.42343749999999997 0.8847222222222223 0.02395833333333333 0.13055555555555556
5 0.4140625 0.45601851851851855 0.013541666666666667 0.08796296296296297
5 0.46875 0.44074074074074077 0.014583333333333334 0.07962962962962963
8 0.44244791666666666 0.44722222222222224 0.013020833333333334 0.07962962962962963
0 0.3950520833333333 0.6916666666666667 0.009895833333333333 0.040740740740740744
0 0.4309895833333333 0.6212962962962963 0.009895833333333333 0.03888888888888889
0 0.4588541666666667 0.562962962962963 0.010416666666666666 0.037037037037037035
0 0.48593749999999997 0.5111111111111112 0.009375 0.03333333333333333
0 0.48333333333333334 0.46435185185185185 0.009375 0.030555555555555558
0 0.48203124999999997 0.425 0.0078125 0.02962962962962963
0 0.48151041666666666 0.3888888888888889 0.0078125 0.02777777777777778
0 0.47942708333333334 0.35694444444444445 0.0078125 0.026851851851851852
0 0.4786458333333333 0.32916666666666666 0.007291666666666667 0.025
0 0.4778645833333333 0.3023148148148148 0.005729166666666666 0.025
7 0.49635416666666665 0.1277777777777778 0.028125 0.04814814814814815
