7 0.49140625 0.18333333333333335 0.033854166666666664 0.05555555555555556
0 0.4669270833333333 0.44351851851851853 0.0078125 0.02962962962962963
0 0.46796875 0.48564814814814816 0.008854166666666666 0.030555555555555558
0 0.46953125 0.5333333333333333 0.009895833333333333 0.03333333333333333
0 0.4713541666666667 0.5902777777777778 0.009375 0.03425925925925926
0 0.471875 0.6564814814814816 0.009375 0.03888888888888889
0 0.47265625 0.7347222222222223 0.013020833333333334 0.04351851851851852
0 0.43463541666666666 0.9402777777777778 0.013020833333333334 0.05092592592592593
0 0.47630208333333335 0.826388888888889 0.013020833333333334 0.04722222222222222
5 0.38177083333333334 0.6078703703703704 0.019791666666666666 0.10462962962962963
4 0.39479166666666665 0.5810185185185185 0.016666666666666666 0.08796296296296297
6 0.44114583333333335 0.5643518518518519 0.019791666666666666 0.09351851851851853
