3 0.44088541666666664 0.6217592592592592 0.0171875 0.09907407407407408
5 0.42734374999999997 0.39490740740740743 0.015104166666666667 0.07685185185185185
8 0.4471354166666667 0.34814814814814815 0.0109375 0.06666666666666667
5 0.47604166666666664 0.3453703703703704 0.011458333333333333 0.06851851851851852
7 0.49895833333333334 0.09814814814814815 0.026041666666666668 0.04259259259259259
0 0.4166666666666667 0.5101851851851852 0.008333333333333333 0.031481481481481485
0 0.44453125 0.46620370370370373 0.0078125 0.030555555555555558
0 0.4666666666666667 0.42685185185185187 0.008333333333333333 0.02777777777777778
0 0.4890625 0.38981481481481484 0.007291666666666667 0.02777777777777778
0 0.48671875 0.3592592592592593 0.0067708333333333336 0.024074074074074074
0 0.4856770833333333 0.3300925925925926 0.005729166666666666 0.025
0 0.48515625 0.3037037037037037 0.0078125 0.024074074074074074
0 0.48333333333333334 0.28101851851851856 0.00625 0.021296296296296296
0 0.4830729166666667 0.25925925925925924 0.005729166666666666 0.018518518518518517
0 0.4825520833333333 0.23842592592592593 0.005729166666666666 0.021296296296296296
