3 0.43828125 0.6615740740740741 0.019270833333333334 0.10462962962962963
5 0.4244791666666667 0.3856481481481482 0.0125 0.08240740740740742
5 0.47265625 0.3574074074074074 0.0140625 0.07037037037037037
8 0.4432291666666667 0.36388888888888893 0.014583333333333334 0.06851851851851852
0 0.4125 0.5398148148148149 0.008333333333333333 0.03333333333333333
0 0.4421875 0.49074074074074076 0.008333333333333333 0.031481481481481485
0 0.46510416666666665 0.44953703703703707 0.008333333333333333 0.028703703703703703
0 0.48828125 0.4115740740740741 0.0078125 0.026851851851851852
0 0.48593749999999997 0.3763888888888889 0.007291666666666667 0.026851851851851852
0 0.48463541666666665 0.3458333333333333 0.0067708333333333336 0.025
0 0.484375 0.3180555555555556 0.00625 0.025
0 0.4828125 0.2939814814814815 0.00625 0.02314814814814815
0 0.48203124999999997 0.26990740740740743 0.005729166666666666 0.021296296296296296
0 0.48125 0.2513888888888889 0.005208333333333333 0.021296296296296296
7 0.4981770833333333 0.10231481481481482 0.025520833333333333 0.04166666666666667
