0 0.46848958333333335 0.9833333333333334 0.013020833333333334 0.031481481481481485
0 0.46822916666666664 0.8699074074074075 0.015625 0.05092592592592593
0 0.46822916666666664 0.7699074074074075 0.013541666666666667 0.04722222222222222
0 0.46640624999999997 0.6870370370370371 0.013020833333333334 0.040740740740740744
0 0.4661458333333333 0.6162037037037037 0.011458333333333333 0.03981481481481482
0 0.4653645833333333 0.5574074074074075 0.009895833333333333 0.037037037037037035
6 0.44296874999999997 0.6375000000000001 0.019270833333333334 0.10462962962962963
4 0.3815104166666667 0.6523148148148148 0.018229166666666668 0.10648148148148148
5 0.35833333333333334 0.688425925925926 0.022916666666666665 0.1175925925925926
7 0.4947916666666667 0.22870370370370371 0.035416666666666666 0.06666666666666667
