3 0.43515624999999997 0.6888888888888889 0.0203125 0.10925925925925926
5 0.4200520833333333 0.3907407407407408 0.01614583333333333 0.07777777777777778
5 0.4744791666666667 0.3680555555555556 0.011458333333333333 0.06944444444444445
8 0.44114583333333335 0.3768518518518519 0.014583333333333334 0.07222222222222223
0 0.40989583333333335 0.5592592592592592 0.009375 0.03333333333333333
0 0.4401041666666667 0.5097222222222222 0.009375 0.030555555555555558
0 0.4635416666666667 0.4625 0.008333333333333333 0.032407407407407406
0 0.48776041666666664 0.42453703703703705 0.0078125 0.026851851851851852
0 0.48515625 0.38842592592592595 0.0078125 0.026851851851851852
0 0.48359375 0.3578703703703704 0.0078125 0.025
0 0.48359375 0.3277777777777778 0.0078125 0.02777777777777778
0 0.4817708333333333 0.3041666666666667 0.00625 0.019444444444444445
0 0.48125 0.2796296296296296 0.00625 0.020370370370370372
0 0.48020833333333335 0.2606481481481482 0.005208333333333333 0.019444444444444445
7 0.4973958333333333 0.10740740740740741 0.027083333333333334 0.044444444444444446
