7 0.49322916666666666 0.1486111111111111 0.029166666666666667 0.06018518518518519
0 0.47265625 0.3462962962962963 0.0067708333333333336 0.02592592592592593
0 0.4744791666666667 0.3768518518518519 0.007291666666666667 0.02592592592592593
0 0.475 0.41111111111111115 0.008333333333333333 0.02592592592592593
0 0.47682291666666665 0.44907407407407407 0.009895833333333333 0.02962962962962963
0 0.47734375 0.4912037037037037 0.009895833333333333 0.032407407407407406
0 0.4786458333333333 0.5407407407407407 0.011458333333333333 0.03518518518518519
0 0.4817708333333333 0.5958333333333333 0.011458333333333333 0.036111111111111115
0 0.4515625 0.6620370370370371 0.011458333333333333 0.03888888888888889
0 0.41875 0.7388888888888889 0.014583333333333334 0.04259259259259259
0 0.3763020833333333 0.8291666666666667 0.0140625 0.04537037037037037
5 0.453125 0.46944444444444444 0.016666666666666666 0.08518518518518518
8 0.421875 0.47870370370370374 0.021875 0.08333333333333334
5 0.4044270833333333 0.5013888888888889 0.018229166666666668 0.09351851851851853
