7 0.49322916666666666 0.16898148148148148 0.035416666666666666 0.0638888888888889
0 0.4666666666666667 0.4486111111111111 0.009375 0.030555555555555558
0 0.4671875 0.4962962962962963 0.010416666666666666 0.03333333333333333
0 0.4671875 0.5518518518518519 0.011458333333333333 0.037037037037037035
0 0.46901041666666665 0.6166666666666667 0.0109375 0.040740740740740744
0 0.46822916666666664 0.6925925925925926 0.0125 0.04259259259259259
0 0.46901041666666665 0.7819444444444444 0.013020833333333334 0.04722222222222222
12 0.4283854166666667 0.7430555555555556 0.0265625 0.11944444444444445
12 0.3578125 0.8125 0.029166666666666667 0.1398148148148148
11 0.39088541666666665 0.7240740740740741 0.0265625 0.11851851851851852
0 0.47213541666666664 0.8930555555555556 0.01614583333333333 0.05277777777777778
