0 0.4705729166666667 0.9171296296296296 0.015104166666666667 0.05462962962962963
0 0.46901041666666665 0.8083333333333333 0.0140625 0.04814814814814815
0 0.4692708333333333 0.7185185185185186 0.011458333333333333 0.044444444444444446
0 0.4674479166666667 0.6430555555555556 0.013020833333333334 0.04351851851851852
0 0.4671875 0.5805555555555556 0.011458333333333333 0.037037037037037035
0 0.4661458333333333 0.525462962962963 0.009375 0.03425925925925926
6 0.44114583333333335 0.625 0.020833333333333332 0.10185185185185186
4 0.39479166666666665 0.6370370370370371 0.01875 0.10370370370370371
5 0.3703125 0.6689814814814815 0.020833333333333332 0.11388888888888889
7 0.4934895833333333 0.2162037037037037 0.0359375 0.062037037037037036
