7 0.4908854166666667 0.19814814814814816 0.0390625 0.06851851851851852
0 0.4596354166666667 0.5337962962962963 0.0109375 0.03796296296296296
0 0.46015625 0.5953703703703704 0.013020833333333334 0.03888888888888889
0 0.4588541666666667 0.6694444444444445 0.0125 0.04259259259259259
0 0.4609375 0.7564814814814815 0.014583333333333334 0.0462962962962963
0 0.4596354166666667 0.8606481481481482 0.015104166666666667 0.05277777777777778
0 0.46041666666666664 0.9814814814814815 0.010416666666666666 0.037037037037037035
12 0.34609375 0.8856481481481482 0.03177083333333333 0.14907407407407408
12 0.43333333333333335 0.7495370370370371 0.030208333333333334 0.1212962962962963
11 0.41041666666666665 0.7972222222222223 0.027083333333333334 0.1277777777777778
