7 0.4940104166666667 0.0625 0.0265625 0.04537037037037037
0 0.47760416666666666 0.20046296296296298 0.007291666666666667 0.021296296296296296
0 0.4783854166666667 0.21944444444444444 0.0067708333333333336 0.020370370370370372
0 0.4796875 0.24166666666666667 0.007291666666666667 0.022222222222222223
0 0.4809895833333333 0.2638888888888889 0.0078125 0.022222222222222223
0 0.4817708333333333 0.28935185185185186 0.009375 0.025
0 0.4828125 0.31666666666666665 0.010416666666666666 0.02777777777777778
0 0.48463541666666665 0.3462962962962963 0.0109375 0.02962962962962963
0 0.4635416666666667 0.3805555555555556 0.0125 0.02962962962962963
0 0.44088541666666664 0.41944444444444445 0.0078125 0.02777777777777778
0 0.4140625 0.45972222222222225 0.010416666666666666 0.032407407407407406
12 0.44635416666666666 0.41203703703703703 0.016666666666666666 0.08148148148148149
12 0.4278645833333333 0.43472222222222223 0.0171875 0.08611111111111111
11 0.42473958333333334 0.40092592592592596 0.018229166666666668 0.05740740740740741
3 0.43333333333333335 0.5856481481481481 0.020833333333333332 0.10277777777777779
