0 0.4734375 0.28055555555555556 0.011458333333333333 0.02962962962962963
0 0.4734375 0.3078703703703704 0.014583333333333334 0.026851851851851852
0 0.47421874999999997 0.33796296296296297 0.011979166666666666 0.02962962962962963
0 0.47578125 0.3703703703703704 0.009895833333333333 0.031481481481481485
0 0.47552083333333334 0.40740740740740744 0.008333333333333333 0.031481481481481485
0 0.4770833333333333 0.44953703703703707 0.011458333333333333 0.032407407407407406
0 0.47942708333333334 0.4967592592592593 0.0109375 0.036111111111111115
0 0.45078124999999997 0.5513888888888889 0.011979166666666666 0.03796296296296296
0 0.4223958333333333 0.6148148148148148 0.013541666666666667 0.040740740740740744
0 0.38385416666666666 0.6888888888888889 0.013541666666666667 0.044444444444444446
3 0.4088541666666667 0.9370370370370371 0.03333333333333333 0.12037037037037038
7 0.49296875 0.1 0.0359375 0.05925925925925926
12 0.46067708333333335 0.5023148148148149 0.018229166666666668 0.09166666666666667
12 0.41119791666666666 0.5226851851851853 0.0203125 0.10277777777777779
11 0.42473958333333334 0.4930555555555556 0.0171875 0.08611111111111111
