7 0.4953125 0.14027777777777778 0.03125 0.058333333333333334
0 0.4765625 0.32592592592592595 0.010416666666666666 0.02592592592592593
0 0.4778645833333333 0.35370370370370374 0.009895833333333333 0.02592592592592593
0 0.4786458333333333 0.38472222222222224 0.010416666666666666 0.03425925925925926
0 0.48072916666666665 0.4199074074074074 0.009375 0.032407407407407406
0 0.4809895833333333 0.46064814814814814 0.009895833333333333 0.036111111111111115
0 0.4822916666666667 0.5069444444444444 0.010416666666666666 0.03796296296296296
0 0.48593749999999997 0.5564814814814815 0.009375 0.03518518518518519
0 0.45703125 0.6157407407407408 0.011979166666666666 0.040740740740740744
0 0.42682291666666666 0.6828703703703703 0.0140625 0.04166666666666667
0 0.38697916666666665 0.763425925925926 0.0125 0.04537037037037037
3 0.4166666666666667 0.9615740740740741 0.03125 0.06944444444444445
5 0.46197916666666666 0.4564814814814815 0.017708333333333333 0.08148148148148149
8 0.4283854166666667 0.46574074074074073 0.0140625 0.08333333333333334
5 0.41302083333333334 0.4791666666666667 0.016666666666666666 0.08981481481481482
