7 0.49166666666666664 0.16203703703703703 0.03229166666666666 0.05740740740740741
0 0.47031249999999997 0.375 0.007291666666666667 0.02777777777777778
0 0.47213541666666664 0.41111111111111115 0.009895833333333333 0.02777777777777778
0 0.47213541666666664 0.45046296296296295 0.009895833333333333 0.030555555555555558
0 0.47421874999999997 0.4912037037037037 0.009895833333333333 0.030555555555555558
0 0.4744791666666667 0.5398148148148149 0.009375 0.03518518518518519
0 0.47578125 0.5967592592592593 0.0109375 0.03796296296296296
0 0.47942708333333334 0.6638888888888889 0.0109375 0.040740740740740744
0 0.44505208333333335 0.7398148148148148 0.013020833333333334 0.04259259259259259
0 0.409375 0.8333333333333334 0.011458333333333333 0.04814814814814815
0 0.36041666666666666 0.9453703703703704 0.014583333333333334 0.053703703703703705
5 0.43255208333333334 0.49259259259259264 0.0203125 0.08703703703703704
8 0.4067708333333333 0.5018518518518519 0.01875 0.08518518518518518
5 0.39427083333333335 0.5273148148148148 0.017708333333333333 0.09722222222222222
