7 0.4934895833333333 0.11481481481481481 0.030729166666666665 0.053703703703703705
12 0.4049479166666667 0.6037037037037037 0.022395833333333334 0.11111111111111112
12 0.4583333333333333 0.5907407407407408 0.019791666666666666 0.10185185185185186
11 0.4265625 0.5569444444444445 0.019791666666666666 0.09722222222222222
0 0.47239583333333335 0.3162037037037037 0.007291666666666667 0.028703703703703703
0 0.47291666666666665 0.3462962962962963 0.009375 0.02777777777777778
0 0.4734375 0.3814814814814815 0.009375 0.031481481481481485
0 0.47552083333333334 0.4203703703703704 0.009375 0.031481481481481485
0 0.47552083333333334 0.4638888888888889 0.010416666666666666 0.03333333333333333
0 0.4770833333333333 0.5148148148148148 0.0125 0.03888888888888889
0 0.4796875 0.5712962962962963 0.013541666666666667 0.040740740740740744
0 0.4473958333333333 0.6402777777777778 0.013541666666666667 0.04166666666666667
0 0.41484375 0.7166666666666667 0.0140625 0.04259259259259259
0 0.37083333333333335 0.8101851851851852 0.014583333333333334 0.0462962962962963
