7 0.49322916666666666 0.16666666666666669 0.035416666666666666 0.061111111111111116
0 0.46640624999999997 0.44027777777777777 0.008854166666666666 0.030555555555555558
0 0.4671875 0.48703703703703705 0.009375 0.03333333333333333
0 0.4671875 0.5421296296296296 0.011458333333333333 0.036111111111111115
0 0.46901041666666665 0.6046296296296296 0.0109375 0.03888888888888889
0 0.46901041666666665 0.6787037037037037 0.011979166666666666 0.04259259259259259
0 0.47031249999999997 0.7662037037037037 0.013541666666666667 0.04722222222222222
0 0.47291666666666665 0.8708333333333333 0.014583333333333334 0.05092592592592593
0 0.4265625 0.9865740740740742 0.010416666666666666 0.026851851851851852
12 0.4341145833333333 0.7449074074074075 0.0265625 0.1212962962962963
12 0.35833333333333334 0.8083333333333333 0.026041666666666668 0.13703703703703704
11 0.39791666666666664 0.7185185185185186 0.019791666666666666 0.12037037037037038
