3 0.428125 0.7773148148148148 0.022916666666666665 0.1175925925925926
5 0.4140625 0.42638888888888893 0.01875 0.08425925925925926
5 0.4666666666666667 0.4199074074074074 0.0125 0.07685185185185185
8 0.44140625 0.42638888888888893 0.011979166666666666 0.075
0 0.40130208333333334 0.6203703703703703 0.009895833333333333 0.03888888888888889
0 0.43463541666666666 0.5615740740740741 0.008854166666666666 0.036111111111111115
0 0.46015625 0.5106481481481482 0.009895833333333333 0.03425925925925926
0 0.4856770833333333 0.4652777777777778 0.008854166666666666 0.030555555555555558
0 0.48333333333333334 0.425 0.008333333333333333 0.02962962962962963
0 0.48203124999999997 0.3893518518518519 0.0067708333333333336 0.030555555555555558
0 0.4817708333333333 0.3578703703703704 0.007291666666666667 0.026851851851851852
0 0.47942708333333334 0.32916666666666666 0.0067708333333333336 0.02314814814814815
0 0.4791666666666667 0.30324074074074076 0.00625 0.02314814814814815
0 0.47812499999999997 0.28055555555555556 0.00625 0.024074074074074074
7 0.49609375 0.11712962962962964 0.027604166666666666 0.04537037037037037
