7 0.49322916666666666 0.11666666666666667 0.034375 0.053703703703703705
12 0.39947916666666666 0.6263888888888889 0.027083333333333334 0.1175925925925926
12 0.45598958333333334 0.612037037037037 0.021354166666666667 0.10370370370370371
11 0.4239583333333333 0.5777777777777778 0.01875 0.10185185185185186
0 0.471875 0.32453703703703707 0.008333333333333333 0.028703703703703703
0 0.47265625 0.3574074074074074 0.0078125 0.02962962962962963
0 0.47213541666666664 0.39305555555555555 0.009895833333333333 0.032407407407407406
0 0.4747395833333333 0.4328703703703704 0.0109375 0.03425925925925926
0 0.4747395833333333 0.4791666666666667 0.011979166666666666 0.03425925925925926
0 0.47552083333333334 0.5314814814814816 0.011458333333333333 0.037037037037037035
0 0.4783854166666667 0.5939814814814816 0.013020833333333334 0.03796296296296296
0 0.44557291666666665 0.6648148148148149 0.013020833333333334 0.040740740740740744
0 0.41119791666666666 0.7462962962962963 0.013020833333333334 0.04814814814814815
0 0.36432291666666666 0.8467592592592593 0.015104166666666667 0.049074074074074076
