7 0.50078125 0.050462962962962966 0.025520833333333333 0.04351851851851852
0 0.48593749999999997 0.17222222222222222 0.00625 0.020370370370370372
0 0.4869791666666667 0.19074074074074074 0.00625 0.016666666666666666
0 0.48802083333333335 0.20694444444444446 0.00625 0.019444444444444445
0 0.4895833333333333 0.22777777777777777 0.007291666666666667 0.018518518518518517
0 0.48984374999999997 0.24814814814814815 0.0067708333333333336 0.022222222222222223
0 0.4908854166666667 0.27175925925925926 0.0078125 0.02314814814814815
0 0.49322916666666666 0.2967592592592593 0.007291666666666667 0.02314814814814815
0 0.4734375 0.32685185185185184 0.008333333333333333 0.02592592592592593
0 0.45390625 0.3564814814814815 0.008854166666666666 0.02777777777777778
0 0.4302083333333333 0.38981481481481484 0.005208333333333333 0.02592592592592593
3 0.45390625 0.4226851851851852 0.015104166666666667 0.075
3 0.4510416666666667 0.4865740740740741 0.017708333333333333 0.08796296296296297
3 0.4354166666666667 0.41712962962962963 0.017708333333333333 0.07314814814814816
12 0.4359375 0.44583333333333336 0.019791666666666666 0.09351851851851853
