0 0.4744791666666667 0.9300925925925926 0.016666666666666666 0.05462962962962963
0 0.47161458333333334 0.8180555555555555 0.015104166666666667 0.05092592592592593
0 0.46979166666666666 0.7263888888888889 0.013541666666666667 0.04537037037037037
0 0.4700520833333333 0.649537037037037 0.0140625 0.04351851851851852
0 0.46822916666666664 0.5865740740740741 0.011458333333333333 0.03796296296296296
0 0.46770833333333334 0.5300925925925926 0.010416666666666666 0.036111111111111115
0 0.4671875 0.48240740740740745 0.010416666666666666 0.03518518518518519
5 0.378125 0.6402777777777778 0.017708333333333333 0.11018518518518519
4 0.3859375 0.6074074074074074 0.020833333333333332 0.09444444444444444
6 0.4348958333333333 0.5925925925925926 0.021875 0.1
7 0.49244791666666665 0.20046296296296298 0.034895833333333334 0.062037037037037036
