7 0.49322916666666666 0.10925925925925926 0.03333333333333333 0.053703703703703705
3 0.4044270833333333 0.9833333333333334 0.019270833333333334 0.02777777777777778
12 0.40651041666666665 0.5712962962962963 0.024479166666666666 0.10740740740740741
12 0.45989583333333334 0.5587962962962963 0.02395833333333333 0.09537037037037037
11 0.42890625 0.5273148148148148 0.019270833333333334 0.10092592592592593
0 0.47265625 0.30092592592592593 0.008854166666666666 0.02777777777777778
0 0.47421874999999997 0.33101851851851855 0.0078125 0.028703703703703703
0 0.47421874999999997 0.36388888888888893 0.0109375 0.031481481481481485
0 0.47682291666666665 0.40046296296296297 0.0109375 0.030555555555555558
0 0.47604166666666664 0.4430555555555556 0.011458333333333333 0.032407407407407406
0 0.47760416666666666 0.48842592592592593 0.010416666666666666 0.036111111111111115
0 0.48020833333333335 0.5435185185185185 0.011458333333333333 0.040740740740740744
0 0.44921875 0.6032407407407407 0.013020833333333334 0.04166666666666667
0 0.41875 0.675462962962963 0.015625 0.04722222222222222
0 0.3768229166666667 0.7592592592592593 0.0171875 0.04814814814814815
