7 0.49296875 0.12037037037037038 0.03177083333333333 0.053703703703703705
12 0.39765625 0.6407407407407407 0.028645833333333332 0.11481481481481481
12 0.4575520833333333 0.625 0.021354166666666667 0.10555555555555556
11 0.4236979166666667 0.5902777777777778 0.019270833333333334 0.10277777777777779
0 0.4708333333333333 0.32962962962962966 0.009375 0.02962962962962963
0 0.471875 0.362962962962963 0.009375 0.02962962962962963
0 0.471875 0.4 0.011458333333333333 0.03333333333333333
0 0.47421874999999997 0.44074074074074077 0.009895833333333333 0.03333333333333333
0 0.4747395833333333 0.48750000000000004 0.011979166666666666 0.036111111111111115
0 0.47604166666666664 0.5416666666666667 0.0125 0.037037037037037035
0 0.47812499999999997 0.6037037037037037 0.013541666666666667 0.040740740740740744
0 0.4453125 0.6787037037037037 0.0125 0.044444444444444446
0 0.41015625 0.7625000000000001 0.015104166666666667 0.04722222222222222
0 0.36354166666666665 0.8657407407407408 0.016666666666666666 0.05185185185185186
