3 0.42994791666666665 0.7319444444444445 0.021354166666666667 0.11388888888888889
5 0.41770833333333335 0.4083333333333333 0.015625 0.07962962962962963
5 0.46770833333333334 0.3925925925925926 0.013541666666666667 0.07407407407407407
8 0.4466145833333333 0.4 0.013020833333333334 0.07407407407407407
0 0.4044270833333333 0.587962962962963 0.008854166666666666 0.037037037037037035
0 0.4361979166666667 0.5347222222222222 0.009895833333333333 0.03425925925925926
0 0.46067708333333335 0.4865740740740741 0.008854166666666666 0.032407407407407406
0 0.48541666666666666 0.4444444444444445 0.008333333333333333 0.02962962962962963
0 0.4830729166666667 0.40694444444444444 0.0078125 0.026851851851851852
0 0.4817708333333333 0.3740740740740741 0.007291666666666667 0.02592592592592593
0 0.48151041666666666 0.34351851851851856 0.0067708333333333336 0.024074074074074074
0 0.4796875 0.31574074074074077 0.007291666666666667 0.024074074074074074
0 0.4791666666666667 0.29120370370370374 0.007291666666666667 0.02314814814814815
0 0.4783854166666667 0.26944444444444443 0.005729166666666666 0.020370370370370372
7 0.49635416666666665 0.11296296296296297 0.027083333333333334 0.0462962962962963
