7 0.49583333333333335 0.06064814814814815 0.026041666666666668 0.04351851851851852
0 0.48020833333333335 0.19305555555555556 0.007291666666666667 0.021296296296296296
0 0.4817708333333333 0.20972222222222223 0.00625 0.021296296296296296
0 0.4817708333333333 0.2300925925925926 0.00625 0.025
0 0.48333333333333334 0.25416666666666665 0.007291666666666667 0.021296296296296296
0 0.48411458333333335 0.2763888888888889 0.0067708333333333336 0.021296296296296296
0 0.48463541666666665 0.30324074074074076 0.0078125 0.025
0 0.48776041666666664 0.33194444444444443 0.0067708333333333336 0.025
0 0.46588541666666666 0.362962962962963 0.0078125 0.02962962962962963
0 0.44479166666666664 0.39814814814814814 0.007291666666666667 0.031481481481481485
0 0.41770833333333335 0.4416666666666667 0.007291666666666667 0.024074074074074074
3 0.43984375 0.5560185185185186 0.019270833333333334 0.09722222222222222
11 0.4315104166666667 0.4083333333333333 0.015104166666666667 0.07962962962962963
12 0.4515625 0.41620370370370374 0.017708333333333333 0.0787037037037037
12 0.42604166666666665 0.437962962962963 0.017708333333333333 0.0925925925925926
