7 0.49166666666666664 0.15787037037037038 0.03229166666666666 0.06018518518518519
0 0.4705729166666667 0.37083333333333335 0.0078125 0.026851851851851852
0 0.47213541666666664 0.40370370370370373 0.008854166666666666 0.02592592592592593
0 0.47265625 0.44212962962962965 0.008854166666666666 0.030555555555555558
0 0.4747395833333333 0.4828703703703704 0.008854166666666666 0.032407407407407406
0 0.475 0.5324074074074074 0.010416666666666666 0.031481481481481485
0 0.47734375 0.5875 0.0109375 0.03425925925925926
0 0.4796875 0.65 0.011458333333333333 0.040740740740740744
0 0.4466145833333333 0.7268518518518519 0.011979166666666666 0.04259259259259259
0 0.41171874999999997 0.8152777777777778 0.013020833333333334 0.04722222222222222
0 0.36432291666666666 0.9236111111111112 0.013020833333333334 0.05277777777777778
5 0.43645833333333334 0.49212962962962964 0.020833333333333332 0.08611111111111111
8 0.40572916666666664 0.49583333333333335 0.017708333333333333 0.08240740740740742
5 0.3971354166666667 0.5217592592592593 0.0140625 0.09351851851851853
