0 0.4302083333333333 0.9875 0.010416666666666666 0.02314814814814815
0 0.47552083333333334 0.8796296296296297 0.014583333333333334 0.05
0 0.47239583333333335 0.7782407407407408 0.0125 0.04537037037037037
0 0.47031249999999997 0.6944444444444444 0.0125 0.04259259259259259
0 0.47031249999999997 0.6236111111111111 0.011458333333333333 0.036111111111111115
0 0.46875 0.563425925925926 0.010416666666666666 0.03425925925925926
0 0.46822916666666664 0.5101851851851852 0.010416666666666666 0.031481481481481485
0 0.4671875 0.4638888888888889 0.010416666666666666 0.031481481481481485
5 0.3833333333333333 0.6240740740740741 0.020833333333333332 0.10555555555555556
4 0.3841145833333333 0.6018518518518519 0.015104166666666667 0.1
6 0.43515624999999997 0.5791666666666667 0.019270833333333334 0.09722222222222222
7 0.49166666666666664 0.19351851851851853 0.034375 0.05740740740740741
