7 0.49322916666666666 0.17175925925925928 0.035416666666666666 0.0638888888888889
0 0.4661458333333333 0.4601851851851852 0.009375 0.03333333333333333
0 0.46640624999999997 0.5101851851851852 0.009895833333333333 0.03518518518518519
0 0.4666666666666667 0.5689814814814815 0.011458333333333333 0.03796296296296296
0 0.46770833333333334 0.6351851851851852 0.011458333333333333 0.040740740740740744
0 0.46770833333333334 0.7157407407407408 0.013541666666666667 0.044444444444444446
0 0.46901041666666665 0.8106481481481482 0.0140625 0.049074074074074076
12 0.35833333333333334 0.8222222222222223 0.027083333333333334 0.1425925925925926
12 0.42083333333333334 0.7449074074074075 0.027083333333333334 0.11944444444444445
11 0.37838541666666664 0.7347222222222223 0.0203125 0.1212962962962963
0 0.47109375 0.9263888888888889 0.015104166666666667 0.05462962962962963
