0 0.40963541666666664 0.4916666666666667 0.008854166666666666 0.03333333333333333
0 0.43906249999999997 0.4449074074074074 0.007291666666666667 0.028703703703703703
0 0.4614583333333333 0.40324074074074073 0.00625 0.028703703703703703
0 0.48411458333333335 0.3685185185185185 0.0078125 0.02777777777777778
0 0.48151041666666666 0.33564814814814814 0.005729166666666666 0.025
0 0.4809895833333333 0.3055555555555556 0.005729166666666666 0.020370370370370372
0 0.4809895833333333 0.28101851851851856 0.005729166666666666 0.021296296296296296
0 0.4791666666666667 0.25462962962962965 0.004166666666666667 0.022222222222222223
0 0.47760416666666666 0.23194444444444445 0.005208333333333333 0.021296296296296296
0 0.47760416666666666 0.21342592592592594 0.005208333333333333 0.025
12 0.4471354166666667 0.4041666666666667 0.019270833333333334 0.08055555555555556
12 0.42135416666666664 0.42824074074074076 0.015625 0.08425925925925926
11 0.4171875 0.38101851851851853 0.010416666666666666 0.03425925925925926
3 0.43333333333333335 0.6328703703703704 0.029166666666666667 0.11388888888888889
7 0.4953125 0.06712962962962964 0.029166666666666667 0.05277777777777778
