7 0.5020833333333333 0.04861111111111111 0.025 0.04351851851851852
0 0.48802083333333335 0.16898148148148148 0.00625 0.019444444444444445
0 0.48854166666666665 0.18425925925925926 0.00625 0.018518518518518517
0 0.4890625 0.20324074074074075 0.005208333333333333 0.019444444444444445
0 0.4901041666666667 0.22175925925925927 0.00625 0.019444444444444445
0 0.49166666666666664 0.2425925925925926 0.007291666666666667 0.020370370370370372
0 0.4927083333333333 0.2652777777777778 0.007291666666666667 0.02314814814814815
0 0.4953125 0.2898148148148148 0.007291666666666667 0.024074074074074074
0 0.4747395833333333 0.31666666666666665 0.0078125 0.02777777777777778
0 0.45651041666666664 0.3458333333333333 0.008854166666666666 0.028703703703703703
0 0.4328125 0.3800925925925926 0.007291666666666667 0.026851851851851852
3 0.43203125 0.42129629629629634 0.01614583333333333 0.07407407407407407
3 0.4552083333333333 0.42824074074074076 0.016666666666666666 0.0787037037037037
3 0.44036458333333334 0.44907407407407407 0.015104166666666667 0.08888888888888889
3 0.45338541666666665 0.47222222222222227 0.0171875 0.08703703703703704
