7 0.4947916666666667 0.14212962962962963 0.030208333333333334 0.058333333333333334
0 0.47552083333333334 0.3282407407407408 0.008333333333333333 0.025
0 0.47734375 0.35555555555555557 0.008854166666666666 0.02962962962962963
0 0.4778645833333333 0.3888888888888889 0.008854166666666666 0.02962962962962963
0 0.4796875 0.425 0.009375 0.02962962962962963
0 0.48020833333333335 0.46620370370370373 0.010416666666666666 0.032407407407407406
0 0.48151041666666666 0.5101851851851852 0.0109375 0.031481481481481485
0 0.48515625 0.5615740740740741 0.0109375 0.03981481481481482
0 0.45625 0.6208333333333333 0.0125 0.04166666666666667
0 0.42578125 0.688425925925926 0.0140625 0.04166666666666667
0 0.3854166666666667 0.7703703703703704 0.013541666666666667 0.05
3 0.4153645833333333 0.9689814814814816 0.030729166666666665 0.06018518518518519
5 0.46119791666666665 0.45787037037037037 0.018229166666666668 0.08611111111111111
5 0.41354166666666664 0.48240740740740745 0.016666666666666666 0.09444444444444444
8 0.4265625 0.4652777777777778 0.015625 0.08611111111111111
