7 0.4927083333333333 0.17546296296296296 0.036458333333333336 0.0638888888888889
0 0.46458333333333335 0.4689814814814815 0.010416666666666666 0.03425925925925926
0 0.46588541666666666 0.5189814814814815 0.009895833333333333 0.036111111111111115
0 0.46458333333333335 0.5796296296296296 0.011458333333333333 0.03888888888888889
0 0.4671875 0.6472222222222223 0.0125 0.04259259259259259
0 0.4666666666666667 0.7310185185185185 0.014583333333333334 0.04537037037037037
0 0.4671875 0.8296296296296297 0.015625 0.05
0 0.47031249999999997 0.950462962962963 0.016666666666666666 0.05648148148148149
12 0.35703125 0.826388888888889 0.027604166666666666 0.14351851851851852
12 0.41822916666666665 0.7472222222222222 0.026041666666666668 0.12222222222222223
11 0.3703125 0.7402777777777778 0.022916666666666665 0.11574074074074074
