7 0.4927083333333333 0.10555555555555556 0.03229166666666666 0.053703703703703705
3 0.4083333333333333 0.9712962962962963 0.03854166666666667 0.05185185185185186
12 0.40911458333333334 0.5513888888888889 0.0234375 0.10277777777777779
12 0.45989583333333334 0.538425925925926 0.022916666666666665 0.09722222222222222
11 0.4309895833333333 0.5092592592592593 0.019270833333333334 0.09814814814814815
0 0.47265625 0.2939814814814815 0.0078125 0.028703703703703703
0 0.4739583333333333 0.32222222222222224 0.011458333333333333 0.02592592592592593
0 0.4744791666666667 0.35324074074074074 0.010416666666666666 0.030555555555555558
0 0.47578125 0.3888888888888889 0.0109375 0.03333333333333333
0 0.47578125 0.4277777777777778 0.0109375 0.03333333333333333
0 0.47734375 0.47314814814814815 0.009895833333333333 0.03518518518518519
0 0.47994791666666664 0.5236111111111111 0.011979166666666666 0.036111111111111115
0 0.44947916666666665 0.5828703703703704 0.0125 0.03981481481481482
0 0.4200520833333333 0.649537037037037 0.013020833333333334 0.04537037037037037
0 0.37994791666666666 0.7300925925925926 0.0140625 0.04351851851851852
