7 0.49374999999999997 0.11157407407407408 0.03229166666666666 0.05277777777777778
12 0.40572916666666664 0.5819444444444445 0.025 0.11018518518518519
12 0.46067708333333335 0.5689814814814815 0.0203125 0.09537037037037037
11 0.4278645833333333 0.5388888888888889 0.018229166666666668 0.09814814814814815
0 0.47291666666666665 0.3060185185185185 0.009375 0.030555555555555558
0 0.47421874999999997 0.3365740740740741 0.009895833333333333 0.026851851851851852
0 0.47421874999999997 0.3699074074074074 0.009895833333333333 0.032407407407407406
0 0.47578125 0.4064814814814815 0.0109375 0.03333333333333333
0 0.47630208333333335 0.44953703703703707 0.011979166666666666 0.03425925925925926
0 0.4770833333333333 0.49583333333333335 0.0125 0.03796296296296296
0 0.47994791666666664 0.5504629629629629 0.013020833333333334 0.03981481481481482
0 0.44921875 0.6157407407407408 0.013020833333333334 0.04259259259259259
0 0.4171875 0.687962962962963 0.013541666666666667 0.0462962962962963
0 0.37447916666666664 0.775462962962963 0.015625 0.05092592592592593
