7 0.49713541666666666 0.0587962962962963 0.0265625 0.04537037037037037
0 0.4809895833333333 0.19212962962962965 0.005729166666666666 0.021296296296296296
0 0.4817708333333333 0.20925925925925926 0.00625 0.018518518518518517
0 0.48203124999999997 0.22962962962962963 0.005729166666666666 0.018518518518518517
0 0.48333333333333334 0.25092592592592594 0.00625 0.022222222222222223
0 0.48463541666666665 0.275 0.0078125 0.022222222222222223
0 0.48593749999999997 0.300462962962963 0.007291666666666667 0.021296296296296296
0 0.48776041666666664 0.32916666666666666 0.0078125 0.025
0 0.4666666666666667 0.3592592592592593 0.007291666666666667 0.02962962962962963
0 0.4453125 0.39537037037037037 0.005208333333333333 0.02962962962962963
0 0.4184895833333333 0.4375 0.005729166666666666 0.02314814814814815
3 0.4401041666666667 0.5509259259259259 0.01875 0.09444444444444444
12 0.4515625 0.41574074074074074 0.016666666666666666 0.07777777777777778
12 0.42526041666666664 0.43842592592592594 0.0171875 0.09166666666666667
11 0.43463541666666666 0.41111111111111115 0.015104166666666667 0.08148148148148149
