7 0.4927083333333333 0.15 0.03125 0.053703703703703705
0 0.47239583333333335 0.3513888888888889 0.008333333333333333 0.026851851851851852
0 0.47369791666666666 0.3819444444444445 0.0078125 0.026851851851851852
0 0.47421874999999997 0.41620370370370374 0.008854166666666666 0.028703703703703703
0 0.47682291666666665 0.45555555555555555 0.008854166666666666 0.031481481481481485
0 0.47734375 0.4990740740740741 0.008854166666666666 0.031481481481481485
0 0.4783854166666667 0.549537037037037 0.0109375 0.03425925925925926
0 0.48151041666666666 0.6064814814814815 0.011979166666666666 0.037037037037037035
0 0.45078124999999997 0.674074074074074 0.013020833333333334 0.040740740740740744
0 0.41875 0.7532407407407408 0.0125 0.04351851851851852
0 0.375 0.8467592592592593 0.013541666666666667 0.04722222222222222
5 0.4471354166666667 0.47731481481481486 0.0171875 0.08240740740740742
8 0.42291666666666666 0.48055555555555557 0.014583333333333334 0.08148148148148149
5 0.3989583333333333 0.5060185185185185 0.01875 0.09537037037037037
