7 0.49166666666666664 0.18981481481481483 0.03854166666666667 0.06851851851851852
0 0.46171875 0.5115740740740741 0.009895833333333333 0.036111111111111115
0 0.46197916666666666 0.5694444444444444 0.011458333333333333 0.03888888888888889
0 0.46171875 0.637962962962963 0.013020833333333334 0.04259259259259259
0 0.4635416666666667 0.7185185185185186 0.0125 0.0462962962962963
0 0.46197916666666666 0.8157407407407408 0.014583333333333334 0.04814814814814815
0 0.4627604166666667 0.9328703703703705 0.01614583333333333 0.05462962962962963
12 0.4296875 0.7587962962962963 0.03229166666666666 0.125
12 0.3533854166666667 0.8685185185185186 0.030729166666666665 0.14444444444444446
11 0.40260416666666665 0.8055555555555556 0.03125 0.12962962962962962
