7 0.49322916666666666 0.12407407407407407 0.03333333333333333 0.05555555555555556
12 0.3984375 0.6555555555555556 0.025 0.11851851851851852
12 0.45729166666666665 0.6375000000000001 0.019791666666666666 0.11018518518518519
11 0.42213541666666665 0.6013888888888889 0.0203125 0.10462962962962963
0 0.4713541666666667 0.33611111111111114 0.009375 0.02962962962962963
0 0.47265625 0.3685185185185185 0.008854166666666666 0.031481481481481485
0 0.47213541666666664 0.4064814814814815 0.009895833333333333 0.03333333333333333
0 0.47421874999999997 0.4481481481481482 0.0109375 0.03333333333333333
0 0.4744791666666667 0.49722222222222223 0.011458333333333333 0.03518518518518519
0 0.47578125 0.5523148148148148 0.0109375 0.03796296296296296
0 0.4786458333333333 0.6157407407407408 0.013541666666666667 0.040740740740740744
0 0.44453125 0.6902777777777778 0.013020833333333334 0.04166666666666667
0 0.40989583333333335 0.7787037037037038 0.015625 0.05
0 0.3614583333333333 0.8865740740740741 0.015625 0.05462962962962963
