3 0.43333333333333335 0.7037037037037037 0.019791666666666666 0.10740740740740741
5 0.4200520833333333 0.39583333333333337 0.01614583333333333 0.07685185185185185
5 0.4708333333333333 0.37592592592592594 0.0125 0.07222222222222223
8 0.44140625 0.38472222222222224 0.013020833333333334 0.0712962962962963
0 0.4080729166666667 0.5685185185185185 0.008854166666666666 0.03518518518518519
0 0.4388020833333333 0.5180555555555556 0.008854166666666666 0.032407407407407406
0 0.4627604166666667 0.4712962962962963 0.008854166666666666 0.031481481481481485
0 0.4869791666666667 0.4314814814814815 0.008333333333333333 0.02962962962962963
0 0.48463541666666665 0.39490740740740743 0.0078125 0.028703703703703703
0 0.48333333333333334 0.36388888888888893 0.007291666666666667 0.02592592592592593
0 0.48333333333333334 0.33425925925925926 0.007291666666666667 0.024074074074074074
0 0.4809895833333333 0.3074074074074074 0.0067708333333333336 0.024074074074074074
0 0.4809895833333333 0.2833333333333333 0.005729166666666666 0.022222222222222223
0 0.4796875 0.26157407407407407 0.005208333333333333 0.02314814814814815
7 0.49713541666666666 0.10925925925925926 0.0265625 0.044444444444444446
