7 0.4921875 0.18194444444444446 0.036458333333333336 0.06759259259259259
0 0.4627604166666667 0.48935185185185187 0.009895833333333333 0.032407407407407406
0 0.4640625 0.5444444444444445 0.011458333333333333 0.037037037037037035
0 0.4635416666666667 0.6074074074074074 0.011458333333333333 0.03888888888888889
0 0.4653645833333333 0.6819444444444445 0.011979166666666666 0.04351851851851852
0 0.46458333333333335 0.7708333333333334 0.014583333333333334 0.04722222222222222
0 0.4653645833333333 0.8796296296296297 0.015104166666666667 0.05185185185185186
0 0.46770833333333334 0.9925925925925926 0.007291666666666667 0.014814814814814815
12 0.35651041666666666 0.8439814814814816 0.028645833333333332 0.14537037037037037
12 0.4192708333333333 0.763425925925926 0.021875 0.125
11 0.37916666666666665 0.7708333333333334 0.020833333333333332 0.1287037037037037
