7 0.49296875 0.11296296296296297 0.03177083333333333 0.05
12 0.4044270833333333 0.6111111111111112 0.022395833333333334 0.11481481481481481
12 0.4591145833333333 0.5986111111111111 0.019270833333333334 0.10092592592592593
11 0.42552083333333335 0.5625 0.020833333333333332 0.10277777777777779
0 0.47213541666666664 0.31712962962962965 0.009895833333333333 0.028703703703703703
0 0.4739583333333333 0.34814814814814815 0.010416666666666666 0.031481481481481485
0 0.4731770833333333 0.3842592592592593 0.0109375 0.031481481481481485
0 0.475 0.4222222222222222 0.011458333333333333 0.031481481481481485
0 0.47578125 0.4666666666666667 0.013020833333333334 0.037037037037037035
0 0.47760416666666666 0.5157407407407407 0.011458333333333333 0.037037037037037035
0 0.4796875 0.576388888888889 0.013541666666666667 0.03796296296296296
0 0.4466145833333333 0.6435185185185185 0.0140625 0.04259259259259259
0 0.4145833333333333 0.7226851851851852 0.015625 0.04537037037037037
0 0.36953125 0.8175925925925926 0.0140625 0.05
