7 0.4921875 0.1675925925925926 0.03229166666666666 0.05925925925925926
0 0.47031249999999997 0.39212962962962966 0.008333333333333333 0.030555555555555558
0 0.47161458333333334 0.4291666666666667 0.0078125 0.030555555555555558
0 0.47213541666666664 0.46851851851851856 0.008854166666666666 0.031481481481481485
0 0.4739583333333333 0.5157407407407407 0.009375 0.03333333333333333
0 0.47421874999999997 0.5699074074074074 0.011979166666666666 0.03425925925925926
0 0.47630208333333335 0.6300925925925926 0.013020833333333334 0.03796296296296296
0 0.4791666666666667 0.7023148148148148 0.011458333333333333 0.04166666666666667
0 0.44427083333333334 0.7856481481481482 0.0125 0.04537037037037037
0 0.40546875 0.888888888888889 0.0140625 0.05
0 0.35260416666666666 0.9921296296296297 0.010416666666666666 0.012037037037037037
5 0.44114583333333335 0.5106481481481482 0.01875 0.08981481481481482
4 0.40911458333333334 0.5217592592592593 0.019270833333333334 0.08611111111111111
5 0.39401041666666664 0.5416666666666667 0.019270833333333334 0.0962962962962963
