7 0.49166666666666664 0.18287037037037038 0.03333333333333333 0.05462962962962963
5 0.38697916666666665 0.5944444444444444 0.017708333333333333 0.10740740740740741
4 0.40234375 0.575462962962963 0.013020833333333334 0.09722222222222222
6 0.43463541666666666 0.5546296296296297 0.0171875 0.09074074074074075
0 0.43645833333333334 0.9074074074074074 0.014583333333333334 0.053703703703703705
0 0.47604166666666664 0.799537037037037 0.010416666666666666 0.049074074074074076
0 0.4731770833333333 0.7143518518518519 0.011979166666666666 0.04351851851851852
0 0.47291666666666665 0.638425925925926 0.010416666666666666 0.03981481481481482
0 0.47161458333333334 0.575925925925926 0.009895833333333333 0.037037037037037035
0 0.46848958333333335 0.4324074074074074 0.005729166666666666 0.02962962962962963
0 0.46901041666666665 0.47361111111111115 0.0109375 0.030555555555555558
0 0.4692708333333333 0.5222222222222223 0.010416666666666666 0.031481481481481485
