0 0.40260416666666665 0.5555555555555556 0.009375 0.037037037037037035
0 0.43463541666666666 0.500462962962963 0.0078125 0.032407407407407406
0 0.46041666666666664 0.4537037037037037 0.007291666666666667 0.03333333333333333
0 0.48463541666666665 0.4115740740740741 0.0078125 0.028703703703703703
0 0.4822916666666667 0.3740740740740741 0.007291666666666667 0.02592592592592593
0 0.48151041666666666 0.3425925925925926 0.0067708333333333336 0.02777777777777778
0 0.48020833333333335 0.3111111111111111 0.005208333333333333 0.024074074074074074
0 0.4783854166666667 0.28194444444444444 0.0067708333333333336 0.025
0 0.4783854166666667 0.2601851851851852 0.0067708333333333336 0.018518518518518517
0 0.4778645833333333 0.23611111111111113 0.0067708333333333336 0.020370370370370372
12 0.45026041666666666 0.42129629629629634 0.015104166666666667 0.08333333333333334
12 0.42343749999999997 0.45231481481481484 0.020833333333333332 0.08796296296296297
11 0.42343749999999997 0.39675925925925926 0.011458333333333333 0.021296296296296296
3 0.42916666666666664 0.7314814814814815 0.026041666666666668 0.12037037037037038
7 0.4953125 0.0763888888888889 0.03333333333333333 0.05648148148148149
