3 0.42890625 0.7615740740740741 0.021354166666666667 0.11574074074074074
5 0.4166666666666667 0.4199074074074074 0.015625 0.08240740740740742
5 0.46770833333333334 0.40925925925925927 0.015625 0.07592592592592592
8 0.44166666666666665 0.4185185185185185 0.015625 0.07407407407407407
0 0.40260416666666665 0.6087962962962963 0.010416666666666666 0.03796296296296296
0 0.43515624999999997 0.5518518518518519 0.009895833333333333 0.03518518518518519
0 0.46067708333333335 0.5013888888888889 0.008854166666666666 0.032407407407407406
0 0.4856770833333333 0.45833333333333337 0.0078125 0.02777777777777778
0 0.48359375 0.4185185185185185 0.0078125 0.02777777777777778
0 0.48203124999999997 0.3837962962962963 0.0078125 0.026851851851851852
0 0.48151041666666666 0.3527777777777778 0.0067708333333333336 0.02592592592592593
0 0.47994791666666664 0.325 0.0067708333333333336 0.022222222222222223
0 0.47942708333333334 0.29953703703703705 0.0067708333333333336 0.02314814814814815
0 0.4783854166666667 0.27592592592592596 0.005729166666666666 0.022222222222222223
7 0.4966145833333333 0.11527777777777778 0.027604166666666666 0.04537037037037037
