0 0.46979166666666666 0.9611111111111111 0.015625 0.05740740740740741
0 0.46822916666666664 0.8421296296296297 0.016666666666666666 0.05092592592592593
0 0.46901041666666665 0.7481481481481482 0.013020833333333334 0.0462962962962963
0 0.4671875 0.6685185185185185 0.011458333333333333 0.040740740740740744
0 0.4671875 0.600462962962963 0.011458333333333333 0.03981481481481482
0 0.4661458333333333 0.5416666666666667 0.010416666666666666 0.03888888888888889
6 0.44505208333333335 0.6310185185185185 0.0203125 0.10462962962962963
4 0.3880208333333333 0.6449074074074075 0.020833333333333332 0.10277777777777779
5 0.36484375 0.6842592592592592 0.0234375 0.12222222222222223
7 0.4942708333333333 0.2240740740740741 0.036458333333333336 0.06851851851851852
