7 0.49322916666666666 0.17175925925925928 0.034375 0.058333333333333334
0 0.47031249999999997 0.40555555555555556 0.008333333333333333 0.02777777777777778
0 0.47161458333333334 0.4425925925925926 0.0078125 0.02777777777777778
0 0.47265625 0.4851851851851852 0.009895833333333333 0.03333333333333333
0 0.4744791666666667 0.5347222222222222 0.011458333333333333 0.03425925925925926
0 0.47369791666666666 0.5902777777777778 0.0109375 0.036111111111111115
0 0.47604166666666664 0.6560185185185186 0.011458333333333333 0.03796296296296296
0 0.4796875 0.7300925925925926 0.013541666666666667 0.04166666666666667
0 0.4432291666666667 0.8231481481481482 0.0125 0.0462962962962963
0 0.40234375 0.9319444444444445 0.0140625 0.049074074074074076
5 0.39348958333333334 0.5509259259259259 0.01614583333333333 0.09814814814814815
5 0.4296875 0.5305555555555556 0.019791666666666666 0.08703703703703704
4 0.40963541666666664 0.5388888888888889 0.0140625 0.09074074074074075
