3 0.4203125 0.8060185185185186 0.029166666666666667 0.13240740740740742
0 0.39453125 0.6041666666666667 0.009895833333333333 0.03796296296296296
0 0.4296875 0.5430555555555556 0.010416666666666666 0.03981481481481482
0 0.45598958333333334 0.48935185185185187 0.0078125 0.030555555555555558
0 0.4817708333333333 0.4430555555555556 0.00625 0.028703703703703703
0 0.4796875 0.4027777777777778 0.007291666666666667 0.02777777777777778
0 0.4783854166666667 0.3662037037037037 0.0067708333333333336 0.028703703703703703
0 0.47760416666666666 0.3337962962962963 0.00625 0.025
0 0.47578125 0.30324074074074076 0.005729166666666666 0.021296296296296296
0 0.4765625 0.2777777777777778 0.007291666666666667 0.024074074074074074
0 0.47578125 0.25324074074074077 0.008854166666666666 0.02314814814814815
12 0.45208333333333334 0.43842592592592594 0.019791666666666666 0.09351851851851853
12 0.4158854166666667 0.4851851851851852 0.024479166666666666 0.09444444444444444
11 0.42213541666666665 0.4185185185185185 0.018229166666666668 0.03888888888888889
7 0.49322916666666666 0.08703703703703704 0.03333333333333333 0.05555555555555556
