0 0.47109375 0.8847222222222223 0.015104166666666667 0.05648148148148149
0 0.46979166666666666 0.7819444444444444 0.013541666666666667 0.04722222222222222
0 0.46979166666666666 0.6953703703703704 0.011458333333333333 0.044444444444444446
0 0.46770833333333334 0.625462962962963 0.010416666666666666 0.04166666666666667
0 0.4674479166666667 0.563425925925926 0.009895833333333333 0.03796296296296296
0 0.4671875 0.5106481481481482 0.010416666666666666 0.03796296296296296
6 0.4421875 0.6162037037037037 0.020833333333333332 0.10277777777777779
4 0.3989583333333333 0.625 0.019791666666666666 0.10185185185185186
5 0.3755208333333333 0.6578703703703704 0.022916666666666665 0.11203703703703705
7 0.4934895833333333 0.2101851851851852 0.034895833333333334 0.05925925925925926
