0 0.4747395833333333 0.9087962962962963 0.0140625 0.05277777777777778
0 0.47109375 0.8013888888888889 0.013020833333333334 0.04722222222222222
0 0.4705729166666667 0.7148148148148148 0.013020833333333334 0.040740740740740744
0 0.46979166666666666 0.638888888888889 0.011458333333333333 0.040740740740740744
0 0.4671875 0.576388888888889 0.011458333333333333 0.036111111111111115
0 0.4674479166666667 0.5212962962962964 0.009895833333333333 0.03518518518518519
0 0.4666666666666667 0.47500000000000003 0.009375 0.03333333333333333
6 0.43776041666666665 0.5842592592592593 0.0171875 0.0962962962962963
5 0.38125 0.6328703703703704 0.01875 0.10833333333333334
4 0.38255208333333335 0.6055555555555556 0.015104166666666667 0.1
7 0.49244791666666665 0.19768518518518519 0.034895833333333334 0.06018518518518519
