3 0.4380208333333333 0.6444444444444445 0.017708333333333333 0.1
5 0.42473958333333334 0.3912037037037037 0.013020833333333334 0.08055555555555556
5 0.46796875 0.3527777777777778 0.0140625 0.06851851851851852
8 0.4440104166666667 0.35694444444444445 0.015104166666666667 0.06759259259259259
0 0.41354166666666664 0.5277777777777778 0.008333333333333333 0.031481481481481485
0 0.44244791666666666 0.4810185185185185 0.008854166666666666 0.030555555555555558
0 0.46510416666666665 0.4393518518518519 0.008333333333333333 0.030555555555555558
0 0.48802083333333335 0.40324074074074073 0.007291666666666667 0.026851851851851852
0 0.4856770833333333 0.3685185185185185 0.0078125 0.02777777777777778
0 0.4848958333333333 0.33935185185185185 0.007291666666666667 0.02314814814814815
0 0.48411458333333335 0.312962962962963 0.0067708333333333336 0.024074074074074074
0 0.4825520833333333 0.28703703703703703 0.0067708333333333336 0.02592592592592593
0 0.4817708333333333 0.26435185185185184 0.00625 0.021296296296296296
0 0.48125 0.24537037037037038 0.00625 0.020370370370370372
7 0.4979166666666667 0.10046296296296296 0.026041666666666668 0.04166666666666667
