7 0.49244791666666665 0.13148148148148148 0.03697916666666667 0.05925925925925926
12 0.39166666666666666 0.6986111111111112 0.029166666666666667 0.11944444444444445
12 0.46510416666666665 0.6921296296296297 0.026041666666666668 0.11388888888888889
11 0.4046875 0.6370370370370371 0.02395833333333333 0.10370370370370371
0 0.46979166666666666 0.3601851851851852 0.009375 0.031481481481481485
0 0.47161458333333334 0.3990740740740741 0.0109375 0.031481481481481485
0 0.4713541666666667 0.4393518518518519 0.011458333333333333 0.03425925925925926
0 0.47291666666666665 0.4865740740740741 0.010416666666666666 0.036111111111111115
0 0.47369791666666666 0.5398148148148149 0.013020833333333334 0.03888888888888889
0 0.4747395833333333 0.600925925925926 0.013020833333333334 0.040740740740740744
0 0.4770833333333333 0.6726851851851852 0.0125 0.03981481481481482
0 0.44088541666666664 0.7583333333333334 0.0140625 0.04814814814814815
0 0.40182291666666664 0.8611111111111112 0.01614583333333333 0.05185185185185186
0 0.3497395833333333 0.9782407407407407 0.015104166666666667 0.03796296296296296
