3 0.4375 0.650462962962963 0.017708333333333333 0.10277777777777779
5 0.42421875 0.38842592592592595 0.013020833333333334 0.0787037037037037
5 0.46770833333333334 0.35370370370370374 0.014583333333333334 0.06851851851851852
8 0.44375 0.3597222222222222 0.013541666666666667 0.06759259259259259
0 0.41302083333333334 0.5314814814814816 0.008333333333333333 0.031481481481481485
0 0.4421875 0.4842592592592593 0.008333333333333333 0.031481481481481485
0 0.46510416666666665 0.4430555555555556 0.008333333333333333 0.028703703703703703
0 0.48828125 0.40555555555555556 0.0078125 0.02777777777777778
0 0.48593749999999997 0.37083333333333335 0.007291666666666667 0.026851851851851852
0 0.48463541666666665 0.3425925925925926 0.0067708333333333336 0.024074074074074074
0 0.4848958333333333 0.31342592592592594 0.007291666666666667 0.026851851851851852
0 0.4825520833333333 0.29120370370370374 0.005729166666666666 0.021296296296296296
0 0.48203124999999997 0.26712962962962966 0.005729166666666666 0.021296296296296296
0 0.48072916666666665 0.2476851851851852 0.00625 0.021296296296296296
7 0.4979166666666667 0.10185185185185186 0.026041666666666668 0.04259259259259259
