3 0.43723958333333335 0.675 0.019270833333333334 0.10740740740740741
5 0.4223958333333333 0.38703703703703707 0.0125 0.07962962962962963
5 0.475 0.36388888888888893 0.011458333333333333 0.06851851851851852
8 0.4427083333333333 0.36944444444444446 0.013541666666666667 0.06851851851851852
0 0.4119791666666667 0.549074074074074 0.009375 0.03333333333333333
0 0.44114583333333335 0.5 0.008333333333333333 0.031481481481481485
0 0.46458333333333335 0.45601851851851855 0.008333333333333333 0.030555555555555558
0 0.48776041666666664 0.4185185185185185 0.0078125 0.02592592592592593
0 0.4856770833333333 0.38333333333333336 0.0067708333333333336 0.02592592592592593
0 0.48463541666666665 0.35185185185185186 0.0067708333333333336 0.02592592592592593
0 0.48463541666666665 0.3231481481481482 0.0067708333333333336 0.024074074074074074
0 0.4822916666666667 0.2986111111111111 0.00625 0.02314814814814815
0 0.4817708333333333 0.27546296296296297 0.00625 0.021296296296296296
0 0.4809895833333333 0.25462962962962965 0.005729166666666666 0.020370370370370372
7 0.4979166666666667 0.1050925925925926 0.027083333333333334 0.04351851851851852
