7 0.4984375 0.05601851851851852 0.026041666666666668 0.04537037037037037
0 0.4828125 0.1837962962962963 0.005208333333333333 0.021296296296296296
0 0.48333333333333334 0.20324074074074075 0.005208333333333333 0.021296296296296296
0 0.48463541666666665 0.22083333333333335 0.0078125 0.021296296296296296
0 0.48593749999999997 0.2425925925925926 0.007291666666666667 0.022222222222222223
0 0.4864583333333333 0.2662037037037037 0.00625 0.02314814814814815
0 0.48776041666666664 0.28935185185185186 0.0078125 0.02314814814814815
0 0.48984374999999997 0.3175925925925926 0.0067708333333333336 0.02592592592592593
0 0.46901041666666665 0.3462962962962963 0.0078125 0.02777777777777778
0 0.4484375 0.38101851851851853 0.007291666666666667 0.028703703703703703
12 0.45286458333333335 0.41944444444444445 0.0171875 0.07962962962962963
0 0.42213541666666665 0.4185185185185185 0.0036458333333333334 0.031481481481481485
12 0.42916666666666664 0.4430555555555556 0.015625 0.08796296296296297
11 0.4328125 0.4115740740740741 0.013541666666666667 0.075
3 0.4440104166666667 0.5259259259259259 0.018229166666666668 0.0925925925925926
