7 0.4908854166666667 0.18796296296296297 0.03802083333333333 0.06851851851851852
0 0.46197916666666666 0.5037037037037038 0.010416666666666666 0.03518518518518519
0 0.4627604166666667 0.5583333333333333 0.0109375 0.03888888888888889
0 0.46197916666666666 0.625462962962963 0.011458333333333333 0.04166666666666667
0 0.46328125 0.7037037037037037 0.013020833333333334 0.044444444444444446
0 0.4635416666666667 0.7962962962962963 0.013541666666666667 0.04814814814814815
0 0.4640625 0.9115740740740741 0.015625 0.05462962962962963
12 0.42526041666666664 0.7625000000000001 0.0234375 0.12314814814814816
12 0.3578125 0.862037037037037 0.028125 0.1462962962962963
11 0.3885416666666667 0.800462962962963 0.02395833333333333 0.1287037037037037
