7 0.4953125 0.06064814814814815 0.026041666666666668 0.04351851851851852
0 0.4791666666666667 0.19398148148148148 0.007291666666666667 0.021296296296296296
0 0.48020833333333335 0.21481481481481482 0.007291666666666667 0.018518518518518517
0 0.48020833333333335 0.2337962962962963 0.00625 0.021296296296296296
0 0.4828125 0.2569444444444445 0.007291666666666667 0.021296296296296296
0 0.4828125 0.28101851851851856 0.007291666666666667 0.02314814814814815
0 0.48411458333333335 0.30648148148148147 0.0078125 0.02592592592592593
0 0.4864583333333333 0.337037037037037 0.007291666666666667 0.02777777777777778
0 0.4653645833333333 0.36944444444444446 0.0067708333333333336 0.02962962962962963
0 0.4432291666666667 0.4087962962962963 0.00625 0.025
0 0.4171875 0.44537037037037036 0.007291666666666667 0.02962962962962963
11 0.4302083333333333 0.4027777777777778 0.016666666666666666 0.06851851851851852
12 0.4265625 0.4375 0.019791666666666666 0.09166666666666667
12 0.4515625 0.4152777777777778 0.01875 0.0787037037037037
3 0.43776041666666665 0.5662037037037038 0.0203125 0.09907407407407408
