3 0.41953124999999997 0.8337962962962964 0.034895833333333334 0.1398148148148148
0 0.39348958333333334 0.6199074074074075 0.009895833333333333 0.03981481481481482
0 0.4283854166666667 0.5569444444444445 0.011979166666666666 0.03981481481481482
0 0.4552083333333333 0.5027777777777778 0.009375 0.037037037037037035
0 0.48072916666666665 0.4550925925925926 0.010416666666666666 0.030555555555555558
0 0.47890625 0.4134259259259259 0.0067708333333333336 0.030555555555555558
0 0.47760416666666666 0.37453703703703706 0.007291666666666667 0.030555555555555558
0 0.4783854166666667 0.3425925925925926 0.0067708333333333336 0.02592592592592593
0 0.47578125 0.3106481481481482 0.0067708333333333336 0.02314814814814815
0 0.4752604166666667 0.2828703703703704 0.0067708333333333336 0.02314814814814815
0 0.4747395833333333 0.26203703703703707 0.0078125 0.02777777777777778
12 0.44895833333333335 0.45092592592592595 0.019791666666666666 0.0925925925925926
12 0.4158854166666667 0.49074074074074076 0.0203125 0.09444444444444444
11 0.4278645833333333 0.4236111111111111 0.01614583333333333 0.03796296296296296
7 0.4934895833333333 0.09027777777777778 0.034895833333333334 0.04722222222222222
