7 0.49192708333333335 0.16296296296296298 0.03177083333333333 0.05740740740740741
0 0.46979166666666666 0.37962962962962965 0.008333333333333333 0.02592592592592593
0 0.47109375 0.412962962962963 0.0078125 0.02962962962962963
0 0.47161458333333334 0.4527777777777778 0.008854166666666666 0.02962962962962963
0 0.4739583333333333 0.4949074074074074 0.009375 0.032407407407407406
0 0.4747395833333333 0.5449074074074074 0.009895833333333333 0.03425925925925926
0 0.47552083333333334 0.6027777777777777 0.011458333333333333 0.037037037037037035
0 0.4791666666666667 0.6699074074074074 0.011458333333333333 0.03796296296296296
0 0.44505208333333335 0.7476851851851852 0.011979166666666666 0.04537037037037037
0 0.4088541666666667 0.8402777777777778 0.013541666666666667 0.04722222222222222
0 0.35911458333333335 0.9564814814814815 0.01614583333333333 0.05185185185185186
5 0.4328125 0.49444444444444446 0.021875 0.08703703703703704
8 0.40703125 0.5050925925925926 0.018229166666666668 0.08611111111111111
5 0.39348958333333334 0.5259259259259259 0.018229166666666668 0.0962962962962963
