7 0.49322916666666666 0.11712962962962964 0.03333333333333333 0.05462962962962963
12 0.40182291666666664 0.6208333333333333 0.024479166666666666 0.11388888888888889
12 0.4591145833333333 0.6069444444444445 0.021354166666666667 0.10092592592592593
11 0.42526041666666664 0.5740740740740741 0.0234375 0.10740740740740741
0 0.47109375 0.3231481481481482 0.009895833333333333 0.02962962962962963
0 0.47265625 0.35370370370370374 0.009895833333333333 0.031481481481481485
0 0.47291666666666665 0.3893518518518519 0.0125 0.032407407407407406
0 0.4744791666666667 0.42824074074074076 0.0125 0.03425925925925926
0 0.4752604166666667 0.475462962962963 0.013020833333333334 0.03796296296296296
0 0.47604166666666664 0.5263888888888889 0.013541666666666667 0.03796296296296296
0 0.47812499999999997 0.587037037037037 0.013541666666666667 0.03888888888888889
0 0.44609375 0.6569444444444444 0.0140625 0.04351851851851852
0 0.41171874999999997 0.7393518518518519 0.015104166666666667 0.049074074074074076
0 0.36666666666666664 0.837962962962963 0.014583333333333334 0.05
