3 0.42421875 0.7777777777777778 0.025520833333333333 0.13518518518518519
0 0.3971354166666667 0.5861111111111111 0.0078125 0.037037037037037035
0 0.4315104166666667 0.5273148148148148 0.0078125 0.032407407407407406
0 0.45729166666666665 0.47500000000000003 0.005208333333333333 0.031481481481481485
0 0.48203124999999997 0.4314814814814815 0.005729166666666666 0.02592592592592593
0 0.4796875 0.3925925925925926 0.00625 0.02592592592592593
0 0.4796875 0.35833333333333334 0.007291666666666667 0.024074074074074074
0 0.4783854166666667 0.32453703703703707 0.0046875 0.019444444444444445
0 0.4765625 0.29583333333333334 0.005208333333333333 0.019444444444444445
0 0.4765625 0.27037037037037037 0.005208333333333333 0.018518518518518517
0 0.47578125 0.24814814814814815 0.008854166666666666 0.02592592592592593
12 0.45546875 0.4337962962962963 0.019270833333333334 0.0787037037037037
12 0.41770833333333335 0.47175925925925927 0.026041666666666668 0.08796296296296297
11 0.42291666666666666 0.41203703703703703 0.016666666666666666 0.040740740740740744
7 0.4947916666666667 0.08287037037037037 0.028125 0.04722222222222222
