3 0.4276041666666667 0.7925925925925926 0.022916666666666665 0.12037037037037038
5 0.4125 0.4324074074074074 0.01875 0.08333333333333334
5 0.46875 0.425 0.015625 0.07777777777777778
8 0.4401041666666667 0.4328703703703704 0.013541666666666667 0.0787037037037037
0 0.4002604166666667 0.6310185185185185 0.009895833333333333 0.036111111111111115
0 0.43385416666666665 0.5708333333333333 0.010416666666666666 0.036111111111111115
0 0.45989583333333334 0.5189814814814815 0.009375 0.03425925925925926
0 0.48541666666666666 0.4726851851851852 0.009375 0.030555555555555558
0 0.48333333333333334 0.4310185185185185 0.008333333333333333 0.028703703703703703
0 0.48203124999999997 0.3962962962962963 0.0078125 0.02777777777777778
0 0.48151041666666666 0.3625 0.0078125 0.028703703703703703
0 0.47942708333333334 0.33287037037037037 0.0067708333333333336 0.025
0 0.47942708333333334 0.30648148148148147 0.0067708333333333336 0.024074074074074074
0 0.47812499999999997 0.28425925925925927 0.00625 0.020370370370370372
7 0.49635416666666665 0.11851851851851852 0.027083333333333334 0.0462962962962963
