3 0.4145833333333333 0.8875000000000001 0.03333333333333333 0.14166666666666666
0 0.3890625 0.6550925925925927 0.007291666666666667 0.04537037037037037
0 0.42526041666666664 0.5861111111111111 0.008854166666666666 0.04259259259259259
0 0.45286458333333335 0.525462962962963 0.0067708333333333336 0.03425925925925926
0 0.4809895833333333 0.47453703703703703 0.005729166666666666 0.028703703703703703
0 0.4786458333333333 0.4314814814814815 0.00625 0.02962962962962963
0 0.4770833333333333 0.39305555555555555 0.00625 0.028703703703703703
0 0.4770833333333333 0.35694444444444445 0.00625 0.025
0 0.4752604166666667 0.32592592592592595 0.0067708333333333336 0.022222222222222223
0 0.4747395833333333 0.2962962962962963 0.005729166666666666 0.020370370370370372
0 0.4739583333333333 0.27175925925925926 0.005208333333333333 0.02314814814814815
12 0.4614583333333333 0.4675925925925926 0.017708333333333333 0.08333333333333334
12 0.41510416666666666 0.5032407407407408 0.02395833333333333 0.09907407407407408
11 0.42473958333333334 0.45601851851851855 0.0171875 0.04537037037037037
7 0.4940104166666667 0.0962962962962963 0.0359375 0.05185185185185186
