3 0.43463541666666666 0.6958333333333334 0.019270833333333334 0.10833333333333334
5 0.4192708333333333 0.3925925925925926 0.015625 0.07592592592592592
5 0.4731770833333333 0.3717592592592593 0.011979166666666666 0.06944444444444445
8 0.44088541666666664 0.3814814814814815 0.011979166666666666 0.07407407407407407
0 0.4088541666666667 0.5643518518518519 0.009375 0.03425925925925926
0 0.4395833333333333 0.5120370370370371 0.009375 0.03333333333333333
0 0.4630208333333333 0.46620370370370373 0.008333333333333333 0.032407407407407406
0 0.48671875 0.4277777777777778 0.0067708333333333336 0.02777777777777778
0 0.4848958333333333 0.39212962962962966 0.007291666666666667 0.026851851851851852
0 0.48385416666666664 0.3601851851851852 0.007291666666666667 0.02592592592592593
0 0.48333333333333334 0.33055555555555555 0.00625 0.024074074074074074
0 0.48125 0.3050925925925926 0.007291666666666667 0.025
0 0.48125 0.28194444444444444 0.00625 0.021296296296296296
0 0.48020833333333335 0.2601851851851852 0.00625 0.022222222222222223
7 0.4973958333333333 0.1087962962962963 0.027083333333333334 0.04537037037037037
