7 0.4927083333333333 0.17407407407407408 0.035416666666666666 0.06666666666666667
0 0.4653645833333333 0.4638888888888889 0.0109375 0.03333333333333333
0 0.46588541666666666 0.5148148148148148 0.0109375 0.03518518518518519
0 0.46588541666666666 0.5736111111111112 0.0109375 0.03796296296296296
0 0.46770833333333334 0.6425925925925926 0.0125 0.040740740740740744
0 0.4671875 0.7226851851851852 0.0125 0.04351851851851852
0 0.46770833333333334 0.8199074074074074 0.013541666666666667 0.049074074074074076
12 0.3572916666666667 0.8208333333333334 0.029166666666666667 0.13611111111111113
12 0.41901041666666666 0.7486111111111111 0.025520833333333333 0.12314814814814816
11 0.37526041666666665 0.7384259259259259 0.0234375 0.11944444444444445
0 0.47109375 0.9388888888888889 0.01614583333333333 0.05555555555555556
