7 0.5002604166666667 0.053703703703703705 0.025520833333333333 0.044444444444444446
0 0.48541666666666666 0.17685185185185187 0.00625 0.020370370370370372
0 0.4864583333333333 0.19398148148148148 0.00625 0.017592592592592594
0 0.48671875 0.21296296296296297 0.0067708333333333336 0.020370370370370372
0 0.48854166666666665 0.2337962962962963 0.00625 0.021296296296296296
0 0.4890625 0.25416666666666665 0.007291666666666667 0.021296296296296296
0 0.4903645833333333 0.2791666666666667 0.0078125 0.025
0 0.4921875 0.30462962962962964 0.007291666666666667 0.024074074074074074
0 0.47213541666666664 0.33240740740740743 0.0078125 0.02592592592592593
0 0.45286458333333335 0.36574074074074076 0.008854166666666666 0.02777777777777778
0 0.4278645833333333 0.39814814814814814 0.0046875 0.02777777777777778
3 0.45338541666666665 0.425 0.0171875 0.07962962962962963
3 0.4484375 0.4986111111111111 0.016666666666666666 0.08796296296296297
12 0.43333333333333335 0.44583333333333336 0.01875 0.09166666666666667
11 0.43385416666666665 0.40925925925925927 0.017708333333333333 0.07037037037037037
