3 0.41640625 0.8481481481481482 0.024479166666666666 0.13703703703703704
0 0.3921875 0.625925925925926 0.010416666666666666 0.044444444444444446
0 0.4270833333333333 0.5648148148148149 0.010416666666666666 0.03518518518518519
0 0.4552083333333333 0.5092592592592593 0.008333333333333333 0.031481481481481485
0 0.4809895833333333 0.4587962962962963 0.0078125 0.032407407407407406
0 0.4783854166666667 0.41481481481481486 0.005729166666666666 0.031481481481481485
0 0.4786458333333333 0.3773148148148148 0.009375 0.030555555555555558
0 0.47760416666666666 0.34305555555555556 0.007291666666666667 0.028703703703703703
0 0.4752604166666667 0.31342592592592594 0.005729166666666666 0.021296296296296296
0 0.47578125 0.2851851851851852 0.005729166666666666 0.016666666666666666
0 0.4752604166666667 0.25925925925925924 0.005729166666666666 0.022222222222222223
12 0.44947916666666665 0.4527777777777778 0.01875 0.08703703703703704
12 0.41510416666666666 0.49583333333333335 0.027083333333333334 0.10833333333333334
11 0.4270833333333333 0.437962962962963 0.017708333333333333 0.04814814814814815
7 0.4940104166666667 0.09398148148148149 0.030729166666666665 0.05277777777777778
