0 0.4700520833333333 0.9282407407407408 0.01614583333333333 0.05462962962962963
0 0.4692708333333333 0.8171296296296297 0.014583333333333334 0.049074074074074076
0 0.46953125 0.725462962962963 0.013020833333333334 0.04537037037037037
0 0.4674479166666667 0.6490740740740741 0.013020833333333334 0.040740740740740744
0 0.4671875 0.5865740740740741 0.0125 0.03796296296296296
0 0.4666666666666667 0.5291666666666667 0.011458333333333333 0.03981481481481482
6 0.44244791666666666 0.6277777777777778 0.0203125 0.10370370370370371
4 0.3950520833333333 0.6393518518518518 0.018229166666666668 0.10648148148148148
5 0.3690104166666667 0.674537037037037 0.0203125 0.1175925925925926
7 0.4942708333333333 0.2175925925925926 0.036458333333333336 0.06481481481481481
