7 0.5020833333333333 0.04861111111111111 0.026041666666666668 0.04351851851851852
0 0.48723958333333334 0.16898148148148148 0.005729166666666666 0.019444444444444445
0 0.48854166666666665 0.1865740740740741 0.00625 0.019444444444444445
0 0.4890625 0.20462962962962963 0.00625 0.018518518518518517
0 0.4908854166666667 0.22222222222222224 0.005729166666666666 0.022222222222222223
0 0.4908854166666667 0.24444444444444446 0.0078125 0.022222222222222223
0 0.4921875 0.26712962962962966 0.007291666666666667 0.02314814814814815
0 0.4940104166666667 0.2916666666666667 0.0078125 0.02592592592592593
0 0.4747395833333333 0.3180555555555556 0.0078125 0.026851851851851852
0 0.45598958333333334 0.3490740740740741 0.008854166666666666 0.02962962962962963
0 0.4315104166666667 0.3819444444444445 0.0067708333333333336 0.026851851851851852
3 0.4328125 0.4203703703703704 0.015625 0.07592592592592592
3 0.45677083333333335 0.4291666666666667 0.015625 0.07685185185185185
3 0.44088541666666664 0.4467592592592593 0.0171875 0.08611111111111111
3 0.45208333333333334 0.4759259259259259 0.016666666666666666 0.08518518518518518
