3 0.4317708333333333 0.7166666666666667 0.021875 0.11111111111111112
5 0.41901041666666666 0.40185185185185185 0.015104166666666667 0.07962962962962963
5 0.47109375 0.38287037037037036 0.013020833333333334 0.0712962962962963
8 0.4453125 0.39166666666666666 0.015625 0.07222222222222223
0 0.40625 0.5777777777777778 0.009375 0.03518518518518519
0 0.43776041666666665 0.525 0.008854166666666666 0.03333333333333333
0 0.46171875 0.4791666666666667 0.008854166666666666 0.028703703703703703
0 0.48593749999999997 0.4365740740740741 0.007291666666666667 0.030555555555555558
0 0.48385416666666664 0.40092592592592596 0.007291666666666667 0.02592592592592593
0 0.4828125 0.3685185185185185 0.007291666666666667 0.02592592592592593
0 0.4825520833333333 0.3388888888888889 0.0078125 0.02592592592592593
0 0.48046875 0.3106481481481482 0.0067708333333333336 0.025
0 0.48046875 0.287962962962963 0.0067708333333333336 0.022222222222222223
0 0.4791666666666667 0.2657407407407408 0.007291666666666667 0.022222222222222223
7 0.4966145833333333 0.11018518518518519 0.0265625 0.044444444444444446
