0 0.4705729166666667 0.875462962962963 0.015104166666666667 0.05277777777777778
0 0.47421874999999997 0.9847222222222223 0.0140625 0.026851851851851852
0 0.46953125 0.7736111111111111 0.0140625 0.049074074074074076
0 0.46953125 0.688425925925926 0.0109375 0.04351851851851852
0 0.46770833333333334 0.6189814814814815 0.011458333333333333 0.03981481481481482
0 0.4671875 0.5587962962962963 0.0125 0.036111111111111115
0 0.46640624999999997 0.5060185185185185 0.011979166666666666 0.036111111111111115
6 0.4395833333333333 0.6148148148148148 0.02395833333333333 0.10555555555555556
4 0.3963541666666667 0.6231481481481481 0.017708333333333333 0.1
5 0.3755208333333333 0.6564814814814816 0.022916666666666665 0.11851851851851852
7 0.49296875 0.20972222222222223 0.0359375 0.06574074074074074
