7 0.49114583333333334 0.15833333333333333 0.03125 0.05925925925925926
0 0.47109375 0.3648148148148148 0.0078125 0.02592592592592593
0 0.47213541666666664 0.39861111111111114 0.008854166666666666 0.028703703703703703
0 0.47265625 0.43472222222222223 0.009895833333333333 0.030555555555555558
0 0.4747395833333333 0.4763888888888889 0.008854166666666666 0.03425925925925926
0 0.4744791666666667 0.5236111111111111 0.011458333333333333 0.03796296296296296
0 0.4770833333333333 0.5791666666666667 0.009375 0.036111111111111115
0 0.48020833333333335 0.6402777777777778 0.010416666666666666 0.036111111111111115
0 0.44687499999999997 0.7125 0.0125 0.04351851851851852
0 0.41354166666666664 0.7986111111111112 0.013541666666666667 0.04537037037037037
0 0.36692708333333335 0.9037037037037038 0.0140625 0.04814814814814815
5 0.43984375 0.48750000000000004 0.019270833333333334 0.08240740740740742
8 0.40911458333333334 0.49444444444444446 0.01614583333333333 0.08518518518518518
5 0.39557291666666666 0.5194444444444445 0.022395833333333334 0.0925925925925926
