3 0.4328125 0.6814814814814815 0.027083333333333334 0.11851851851851852
0 0.40729166666666666 0.5226851851851853 0.008333333333333333 0.036111111111111115
0 0.43776041666666665 0.4740740740740741 0.008854166666666666 0.031481481481481485
0 0.4609375 0.4314814814814815 0.007291666666666667 0.02962962962962963
0 0.48463541666666665 0.3902777777777778 0.0046875 0.026851851851851852
0 0.48203124999999997 0.3564814814814815 0.005729166666666666 0.02592592592592593
0 0.48151041666666666 0.32685185185185184 0.0067708333333333336 0.024074074074074074
0 0.48020833333333335 0.2939814814814815 0.005208333333333333 0.025
0 0.4791666666666667 0.2689814814814815 0.005208333333333333 0.021296296296296296
0 0.47760416666666666 0.24537037037037038 0.005208333333333333 0.020370370370370372
0 0.47734375 0.22268518518518518 0.005729166666666666 0.019444444444444445
12 0.4471354166666667 0.40694444444444444 0.015104166666666667 0.08240740740740742
12 0.4223958333333333 0.4328703703703704 0.01875 0.08611111111111111
11 0.42473958333333334 0.39814814814814814 0.013020833333333334 0.04814814814814815
7 0.4947916666666667 0.07175925925925926 0.029166666666666667 0.049074074074074076
