7 0.4947916666666667 0.14305555555555557 0.03125 0.058333333333333334
0 0.475 0.33472222222222225 0.00625 0.028703703703703703
0 0.47630208333333335 0.36574074074074076 0.008854166666666666 0.02592592592592593
0 0.4770833333333333 0.39861111111111114 0.008333333333333333 0.030555555555555558
0 0.4796875 0.4351851851851852 0.009375 0.02962962962962963
0 0.48020833333333335 0.47685185185185186 0.009375 0.031481481481481485
0 0.48203124999999997 0.525 0.009895833333333333 0.03518518518518519
0 0.484375 0.575925925925926 0.010416666666666666 0.03333333333333333
0 0.45468749999999997 0.638425925925926 0.0125 0.03796296296296296
0 0.4244791666666667 0.7115740740740741 0.0125 0.03981481481481482
0 0.38359375 0.7967592592592593 0.013020833333333334 0.04537037037037037
3 0.40989583333333335 0.987037037037037 0.019791666666666666 0.024074074074074074
5 0.4588541666666667 0.46342592592592596 0.017708333333333333 0.08240740740740742
8 0.42135416666666664 0.4708333333333333 0.015625 0.08425925925925926
5 0.41015625 0.4912037037037037 0.018229166666666668 0.08981481481481482
