7 0.49895833333333334 0.05462962962962963 0.026041666666666668 0.044444444444444446
0 0.48333333333333334 0.18194444444444446 0.005208333333333333 0.021296296296296296
0 0.4848958333333333 0.19953703703703704 0.00625 0.019444444444444445
0 0.48541666666666666 0.2175925925925926 0.00625 0.022222222222222223
0 0.4864583333333333 0.2388888888888889 0.007291666666666667 0.018518518518518517
0 0.48776041666666664 0.2601851851851852 0.0067708333333333336 0.022222222222222223
0 0.4890625 0.28425925925925927 0.007291666666666667 0.024074074074074074
0 0.4908854166666667 0.3106481481481482 0.0078125 0.02314814814814815
0 0.4708333333333333 0.34074074074074073 0.008333333333333333 0.02777777777777778
0 0.45026041666666666 0.37222222222222223 0.0078125 0.02777777777777778
0 0.42526041666666664 0.4083333333333333 0.0046875 0.02592592592592593
3 0.4466145833333333 0.513888888888889 0.019270833333333334 0.0925925925925926
12 0.4536458333333333 0.4199074074074074 0.01875 0.08425925925925926
12 0.4315104166666667 0.4444444444444445 0.0203125 0.08888888888888889
11 0.4328125 0.41064814814814815 0.014583333333333334 0.075
