7 0.49296875 0.11018518518518519 0.033854166666666664 0.053703703703703705
12 0.40651041666666665 0.576388888888889 0.0265625 0.11203703703703705
12 0.46015625 0.563425925925926 0.022395833333333334 0.09537037037037037
11 0.4283854166666667 0.5328703703703704 0.019270833333333334 0.09537037037037037
0 0.47239583333333335 0.3037037037037037 0.008333333333333333 0.02777777777777778
0 0.4734375 0.33425925925925926 0.008333333333333333 0.02777777777777778
0 0.4739583333333333 0.36712962962962964 0.009375 0.028703703703703703
0 0.47578125 0.40231481481481485 0.009895833333333333 0.032407407407407406
0 0.4765625 0.4444444444444445 0.010416666666666666 0.03518518518518519
0 0.4778645833333333 0.4912037037037037 0.011979166666666666 0.03796296296296296
0 0.48072916666666665 0.5458333333333334 0.0125 0.03796296296296296
0 0.44921875 0.6092592592592593 0.0140625 0.040740740740740744
0 0.41796875 0.6805555555555556 0.015104166666666667 0.0462962962962963
0 0.3763020833333333 0.7680555555555556 0.0140625 0.049074074074074076
