7 0.49973958333333335 0.05277777777777778 0.025520833333333333 0.044444444444444446
0 0.4848958333333333 0.17777777777777778 0.00625 0.018518518518518517
0 0.48593749999999997 0.1953703703703704 0.005208333333333333 0.020370370370370372
0 0.48593749999999997 0.21342592592592594 0.007291666666666667 0.019444444444444445
0 0.48776041666666664 0.23425925925925928 0.0067708333333333336 0.022222222222222223
0 0.48854166666666665 0.2564814814814815 0.007291666666666667 0.022222222222222223
0 0.48984374999999997 0.2800925925925926 0.0067708333333333336 0.026851851851851852
0 0.4921875 0.3060185185185185 0.008333333333333333 0.025
0 0.47213541666666664 0.33472222222222225 0.008854166666666666 0.028703703703703703
0 0.45208333333333334 0.3675925925925926 0.008333333333333333 0.02777777777777778
3 0.45390625 0.4222222222222222 0.018229166666666668 0.07777777777777778
3 0.4484375 0.5046296296296297 0.017708333333333333 0.08703703703703704
12 0.43385416666666665 0.4444444444444445 0.020833333333333332 0.08888888888888889
0 0.42604166666666665 0.39814814814814814 0.004166666666666667 0.024074074074074074
11 0.43385416666666665 0.40185185185185185 0.0125 0.05
