11 0.41015625 0.8050925925925926 0.024479166666666666 0.1287037037037037
0 0.46197916666666666 0.7481481481481482 0.0125 0.044444444444444446
7 0.4908854166666667 0.19583333333333333 0.0390625 0.06944444444444445
0 0.46041666666666664 0.5300925925925926 0.011458333333333333 0.03796296296296296
0 0.4609375 0.5912037037037037 0.011458333333333333 0.03796296296296296
0 0.46041666666666664 0.662962962962963 0.013541666666666667 0.044444444444444446
0 0.4609375 0.850925925925926 0.016666666666666666 0.053703703703703705
0 0.4614583333333333 0.975925925925926 0.017708333333333333 0.04814814814814815
12 0.34765625 0.8819444444444445 0.030729166666666665 0.14907407407407408
12 0.43072916666666666 0.7523148148148149 0.02395833333333333 0.12314814814814816
