7 0.49322916666666666 0.06527777777777778 0.029166666666666667 0.04722222222222222
0 0.4765625 0.20601851851851852 0.007291666666666667 0.019444444444444445
0 0.4783854166666667 0.2263888888888889 0.0078125 0.019444444444444445
0 0.4783854166666667 0.24722222222222223 0.0078125 0.022222222222222223
0 0.48020833333333335 0.2712962962962963 0.008333333333333333 0.024074074074074074
0 0.4796875 0.2962962962962963 0.010416666666666666 0.024074074074074074
0 0.48151041666666666 0.3236111111111111 0.009895833333333333 0.026851851851851852
0 0.48411458333333335 0.35694444444444445 0.008854166666666666 0.026851851851851852
0 0.4614583333333333 0.39305555555555555 0.009375 0.032407407407407406
0 0.4395833333333333 0.43194444444444446 0.009375 0.028703703703703703
0 0.4109375 0.47453703703703703 0.010416666666666666 0.03425925925925926
12 0.4484375 0.4064814814814815 0.017708333333333333 0.08148148148148149
12 0.42473958333333334 0.42824074074074076 0.019270833333333334 0.08796296296296297
11 0.4203125 0.4064814814814815 0.016666666666666666 0.07592592592592592
3 0.4309895833333333 0.6087962962962963 0.025520833333333333 0.10648148148148148
