7 0.49114583333333334 0.1564814814814815 0.03333333333333333 0.061111111111111116
0 0.4705729166666667 0.3675925925925926 0.0078125 0.02777777777777778
0 0.47213541666666664 0.4013888888888889 0.008854166666666666 0.030555555555555558
0 0.47213541666666664 0.43703703703703706 0.008854166666666666 0.031481481481481485
0 0.47421874999999997 0.47870370370370374 0.008854166666666666 0.03333333333333333
0 0.47578125 0.5273148148148148 0.009895833333333333 0.032407407407407406
0 0.4770833333333333 0.5833333333333334 0.011458333333333333 0.03518518518518519
0 0.47994791666666664 0.6453703703703704 0.0109375 0.03518518518518519
0 0.4473958333333333 0.7175925925925927 0.011458333333333333 0.04259259259259259
0 0.4125 0.8069444444444445 0.0125 0.04722222222222222
0 0.3658854166666667 0.912962962962963 0.013020833333333334 0.05185185185185186
5 0.43645833333333334 0.48888888888888893 0.020833333333333332 0.08518518518518518
8 0.40729166666666666 0.4953703703703704 0.017708333333333333 0.08703703703703704
5 0.39557291666666666 0.5212962962962964 0.0171875 0.09444444444444444
