0 0.49322916666666666 0.11574074074074074 0.03333333333333333 0.05555555555555556
12 0.4036458333333333 0.6171296296296297 0.02395833333333333 0.11388888888888889
12 0.4588541666666667 0.6018518518518519 0.017708333333333333 0.10185185185185186
11 0.4244791666666667 0.5671296296296297 0.019791666666666666 0.10092592592592593
0 0.471875 0.3180555555555556 0.009375 0.030555555555555558
0 0.47291666666666665 0.35185185185185186 0.009375 0.02962962962962963
0 0.4731770833333333 0.3875 0.011979166666666666 0.030555555555555558
0 0.475 0.42638888888888893 0.010416666666666666 0.03425925925925926
0 0.47552083333333334 0.47175925925925927 0.0125 0.036111111111111115
0 0.4765625 0.5222222222222223 0.0125 0.037037037037037035
0 0.47890625 0.5828703703703704 0.013020833333333334 0.03425925925925926
0 0.4466145833333333 0.65 0.0140625 0.04259259259259259
0 0.4122395833333333 0.7310185185185185 0.0171875 0.04722222222222222
0 0.36875 0.8268518518518518 0.015625 0.05
