7 0.4927083333333333 0.17546296296296296 0.03229166666666666 0.05277777777777778
5 0.39140625 0.5685185185185185 0.0140625 0.10370370370370371
4 0.40546875 0.5564814814814815 0.0140625 0.09444444444444444
10 0.4296875 0.5449074074074074 0.01875 0.08981481481481482
0 0.3989583333333333 0.9731481481481482 0.017708333333333333 0.05
0 0.44244791666666666 0.8606481481481482 0.01614583333333333 0.05277777777777778
0 0.47812499999999997 0.7615740740740741 0.013541666666666667 0.04537037037037037
0 0.4739583333333333 0.6129629629629629 0.009375 0.037037037037037035
0 0.47369791666666666 0.5523148148148148 0.009895833333333333 0.03425925925925926
0 0.47213541666666664 0.500462962962963 0.0078125 0.03425925925925926
0 0.471875 0.45740740740740743 0.008333333333333333 0.02777777777777778
0 0.4692708333333333 0.4152777777777778 0.007291666666666667 0.03425925925925926
0 0.47552083333333334 0.6810185185185186 0.0125 0.03981481481481482
