7 0.4934895833333333 0.1726851851851852 0.033854166666666664 0.058333333333333334
10 0.4322916666666667 0.5375 0.01875 0.08611111111111111
5 0.39348958333333334 0.5583333333333333 0.01614583333333333 0.1
4 0.409375 0.5481481481481482 0.013541666666666667 0.09444444444444444
0 0.4002604166666667 0.9541666666666667 0.01614583333333333 0.05277777777777778
0 0.4421875 0.837962962962963 0.014583333333333334 0.05185185185185186
0 0.4783854166666667 0.7462962962962963 0.009895833333333333 0.03888888888888889
0 0.47682291666666665 0.6662037037037037 0.009895833333333333 0.03981481481481482
0 0.4744791666666667 0.6018518518518519 0.009375 0.03333333333333333
0 0.4739583333333333 0.5425925925925926 0.009375 0.03518518518518519
0 0.4713541666666667 0.49259259259259264 0.009375 0.031481481481481485
0 0.4713541666666667 0.4476851851851852 0.007291666666666667 0.028703703703703703
0 0.4705729166666667 0.4115740740740741 0.005729166666666666 0.026851851851851852
