0 0.39947916666666666 0.5731481481481482 0.007291666666666667 0.03888888888888889
0 0.4317708333333333 0.5166666666666667 0.009375 0.031481481481481485
0 0.45729166666666665 0.4689814814814815 0.007291666666666667 0.030555555555555558
0 0.4828125 0.4240740740740741 0.00625 0.031481481481481485
0 0.4817708333333333 0.3861111111111111 0.00625 0.02592592592592593
0 0.4796875 0.35324074074074074 0.007291666666666667 0.025
0 0.4783854166666667 0.32175925925925924 0.0067708333333333336 0.030555555555555558
0 0.4783854166666667 0.29305555555555557 0.005729166666666666 0.02314814814814815
0 0.4765625 0.26666666666666666 0.00625 0.020370370370370372
0 0.47604166666666664 0.24444444444444446 0.008333333333333333 0.022222222222222223
12 0.4557291666666667 0.42129629629629634 0.01875 0.06666666666666667
12 0.41901041666666666 0.46574074074074073 0.0234375 0.08888888888888889
11 0.41901041666666666 0.40740740740740744 0.0171875 0.02962962962962963
7 0.49453125 0.08425925925925926 0.027604166666666666 0.04814814814814815
3 0.42343749999999997 0.7643518518518518 0.030208333333333334 0.12685185185185185
