7 0.5002604166666667 0.05185185185185186 0.025520833333333333 0.04259259259259259
0 0.48515625 0.17685185185185187 0.005729166666666666 0.018518518518518517
0 0.48671875 0.19398148148148148 0.0067708333333333336 0.017592592592592594
0 0.48723958333333334 0.21203703703703705 0.0078125 0.018518518518518517
0 0.4890625 0.23148148148148148 0.00625 0.020370370370370372
0 0.4895833333333333 0.25416666666666665 0.007291666666666667 0.021296296296296296
0 0.4908854166666667 0.27731481481481485 0.0078125 0.02314814814814815
0 0.4927083333333333 0.3023148148148148 0.008333333333333333 0.025
0 0.47213541666666664 0.33101851851851855 0.008854166666666666 0.028703703703703703
0 0.45338541666666665 0.3625 0.0078125 0.028703703703703703
3 0.45208333333333334 0.425 0.017708333333333333 0.07777777777777778
3 0.44895833333333335 0.4953703703703704 0.01875 0.08703703703703704
12 0.43333333333333335 0.44537037037037036 0.020833333333333332 0.08518518518518518
11 0.43333333333333335 0.4087962962962963 0.016666666666666666 0.06759259259259259
