0 0.4713541666666667 0.9398148148148149 0.014583333333333334 0.053703703703703705
0 0.46979166666666666 0.8268518518518518 0.014583333333333334 0.05
0 0.4692708333333333 0.7337962962962963 0.015625 0.04537037037037037
0 0.46822916666666664 0.6560185185185186 0.0125 0.04351851851851852
0 0.4674479166666667 0.5893518518518519 0.0109375 0.03796296296296296
0 0.4666666666666667 0.5347222222222222 0.0125 0.03796296296296296
6 0.44479166666666664 0.6273148148148149 0.01875 0.10092592592592593
4 0.39296875 0.638888888888889 0.018229166666666668 0.10555555555555556
5 0.3677083333333333 0.674074074074074 0.022916666666666665 0.11111111111111112
7 0.49322916666666666 0.2175925925925926 0.034375 0.06481481481481481
