7 0.49635416666666665 0.13472222222222222 0.03125 0.05462962962962963
0 0.47734375 0.3199074074074074 0.0109375 0.028703703703703703
0 0.47760416666666666 0.34953703703703703 0.010416666666666666 0.026851851851851852
0 0.47890625 0.3791666666666667 0.0109375 0.030555555555555558
0 0.48151041666666666 0.4138888888888889 0.008854166666666666 0.031481481481481485
0 0.48203124999999997 0.45231481481481484 0.009895833333333333 0.028703703703703703
0 0.4828125 0.4967592592592593 0.009375 0.030555555555555558
0 0.4864583333333333 0.5481481481481482 0.010416666666666666 0.031481481481481485
0 0.4575520833333333 0.6055555555555556 0.011979166666666666 0.044444444444444446
0 0.4283854166666667 0.6726851851851852 0.013020833333333334 0.04351851851851852
0 0.38958333333333334 0.75 0.0125 0.04259259259259259
5 0.4635416666666667 0.45231481481481484 0.020833333333333332 0.08796296296296297
8 0.4322916666666667 0.4625 0.014583333333333334 0.08055555555555556
5 0.4122395833333333 0.4712962962962963 0.019270833333333334 0.09074074074074075
3 0.41953124999999997 0.9500000000000001 0.03177083333333333 0.0925925925925926
