0 0.4671875 0.42962962962962964 0.008333333333333333 0.031481481481481485
0 0.46770833333333334 0.4740740740740741 0.010416666666666666 0.031481481481481485
0 0.4671875 0.5263888888888889 0.011458333333333333 0.03425925925925926
0 0.46979166666666666 0.5861111111111111 0.011458333333333333 0.03888888888888889
0 0.46979166666666666 0.6574074074074074 0.011458333333333333 0.040740740740740744
7 0.49322916666666666 0.16064814814814815 0.035416666666666666 0.06018518518518519
0 0.47031249999999997 0.7421296296296297 0.013541666666666667 0.04722222222222222
0 0.47265625 0.8398148148148148 0.013020833333333334 0.05
12 0.35651041666666666 0.7981481481481482 0.0296875 0.13518518518518519
12 0.43645833333333334 0.7439814814814815 0.026041666666666668 0.11574074074074074
11 0.40208333333333335 0.7055555555555556 0.021875 0.11296296296296297
0 0.4283854166666667 0.9652777777777778 0.018229166666666668 0.05648148148148149
