0 0.3997395833333333 0.5675925925925926 0.008854166666666666 0.040740740740740744
0 0.4328125 0.5125000000000001 0.010416666666666666 0.03981481481481482
0 0.4583333333333333 0.46620370370370373 0.007291666666666667 0.032407407407407406
0 0.48333333333333334 0.42129629629629634 0.007291666666666667 0.031481481481481485
0 0.4817708333333333 0.3824074074074074 0.00625 0.02962962962962963
0 0.48020833333333335 0.34814814814814815 0.007291666666666667 0.02592592592592593
0 0.4796875 0.3189814814814815 0.007291666666666667 0.025
0 0.4778645833333333 0.28750000000000003 0.0067708333333333336 0.026851851851851852
0 0.4765625 0.2638888888888889 0.005208333333333333 0.018518518518518517
0 0.47578125 0.23981481481481481 0.0067708333333333336 0.024074074074074074
12 0.45390625 0.4217592592592593 0.019270833333333334 0.06759259259259259
12 0.4203125 0.46342592592592596 0.02395833333333333 0.09166666666666667
11 0.41770833333333335 0.4050925925925926 0.016666666666666666 0.03425925925925926
7 0.4953125 0.08101851851851852 0.029166666666666667 0.049074074074074076
3 0.42526041666666664 0.7541666666666667 0.0203125 0.1287037037037037
