3 0.4231770833333333 0.875462962962963 0.0234375 0.1287037037037037
5 0.41432291666666665 0.4527777777777778 0.0140625 0.08518518518518518
5 0.46770833333333334 0.44074074074074077 0.016666666666666666 0.08148148148148149
8 0.4434895833333333 0.4439814814814815 0.013020833333333334 0.07685185185185185
0 0.39557291666666666 0.6851851851851852 0.009895833333333333 0.040740740740740744
0 0.43124999999999997 0.6166666666666667 0.010416666666666666 0.037037037037037035
0 0.4588541666666667 0.5587962962962963 0.009375 0.036111111111111115
0 0.48593749999999997 0.5064814814814815 0.008333333333333333 0.03333333333333333
0 0.4828125 0.4620370370370371 0.008333333333333333 0.031481481481481485
0 0.48151041666666666 0.4222222222222222 0.0078125 0.02962962962962963
0 0.48125 0.38657407407407407 0.007291666666666667 0.028703703703703703
0 0.47942708333333334 0.35462962962962963 0.0067708333333333336 0.02777777777777778
0 0.4791666666666667 0.32685185185185184 0.00625 0.022222222222222223
0 0.47760416666666666 0.300462962962963 0.00625 0.02314814814814815
7 0.49635416666666665 0.12731481481481483 0.028125 0.049074074074074076
