0 0.4010416666666667 0.5652777777777778 0.008333333333333333 0.03796296296296296
0 0.4341145833333333 0.5083333333333333 0.008854166666666666 0.037037037037037035
0 0.4583333333333333 0.45925925925925926 0.00625 0.03333333333333333
0 0.48333333333333334 0.4185185185185185 0.007291666666666667 0.02777777777777778
0 0.4809895833333333 0.37824074074074077 0.0046875 0.02314814814814815
0 0.48020833333333335 0.3458333333333333 0.00625 0.028703703703703703
0 0.4796875 0.31574074074074077 0.005208333333333333 0.022222222222222223
0 0.47760416666666666 0.28564814814814815 0.004166666666666667 0.019444444444444445
0 0.4778645833333333 0.2652777777777778 0.005729166666666666 0.02314814814814815
0 0.4765625 0.2388888888888889 0.005208333333333333 0.020370370370370372
3 0.45338541666666665 0.42638888888888893 0.019270833333333334 0.08055555555555556
3 0.42083333333333334 0.4569444444444445 0.022916666666666665 0.08796296296296297
11 0.42161458333333335 0.40601851851851856 0.015104166666666667 0.036111111111111115
3 0.4270833333333333 0.7495370370370371 0.029166666666666667 0.13055555555555556
7 0.49635416666666665 0.08240740740740742 0.035416666666666666 0.05555555555555556
