7 0.4908854166666667 0.19444444444444445 0.0390625 0.06851851851851852
0 0.4609375 0.5240740740740741 0.010416666666666666 0.03888888888888889
0 0.4614583333333333 0.5842592592592593 0.0125 0.03888888888888889
0 0.46041666666666664 0.6569444444444444 0.013541666666666667 0.04166666666666667
0 0.4627604166666667 0.7407407407407408 0.0140625 0.04814814814814815
0 0.4614583333333333 0.8425925925925927 0.016666666666666666 0.05185185185185186
0 0.46171875 0.9685185185185186 0.018229166666666668 0.05555555555555556
12 0.4315104166666667 0.7560185185185185 0.025520833333333333 0.12685185185185185
12 0.35260416666666666 0.8805555555555555 0.029166666666666667 0.15
11 0.41015625 0.8009259259259259 0.024479166666666666 0.12962962962962962
