7 0.49322916666666666 0.13564814814814816 0.034375 0.05277777777777778
12 0.39166666666666666 0.7078703703703704 0.029166666666666667 0.125
12 0.4669270833333333 0.700462962962963 0.0234375 0.11574074074074074
11 0.4010416666666667 0.6435185185185185 0.019791666666666666 0.10740740740740741
0 0.4700520833333333 0.36574074074074076 0.008854166666666666 0.03333333333333333
0 0.4708333333333333 0.40185185185185185 0.009375 0.031481481481481485
0 0.4705729166666667 0.4425925925925926 0.0109375 0.03518518518518519
0 0.4739583333333333 0.48935185185185187 0.0125 0.03981481481481482
0 0.4731770833333333 0.5439814814814815 0.011979166666666666 0.03981481481481482
0 0.4747395833333333 0.6083333333333334 0.015104166666666667 0.04259259259259259
0 0.47760416666666666 0.6800925925925926 0.0125 0.03981481481481482
0 0.44036458333333334 0.7675925925925926 0.0140625 0.0462962962962963
0 0.4010416666666667 0.8717592592592593 0.01875 0.049074074074074076
0 0.34661458333333334 0.9842592592592593 0.0171875 0.02962962962962963
