0 0.46875 0.9773148148148149 0.014583333333333334 0.04351851851851852
0 0.46822916666666664 0.862037037037037 0.013541666666666667 0.05185185185185186
0 0.46875 0.7611111111111112 0.013541666666666667 0.0462962962962963
0 0.46640624999999997 0.6805555555555556 0.0140625 0.04259259259259259
0 0.4666666666666667 0.611574074074074 0.011458333333333333 0.03981481481481482
0 0.4653645833333333 0.5527777777777778 0.0109375 0.03888888888888889
6 0.4434895833333333 0.6342592592592593 0.018229166666666668 0.10370370370370371
4 0.38255208333333335 0.650462962962963 0.019270833333333334 0.10648148148148148
5 0.3611979166666667 0.6875 0.019270833333333334 0.1175925925925926
7 0.4940104166666667 0.22546296296296298 0.03802083333333333 0.06574074074074074
