0 0.47369791666666666 0.9634259259259259 0.018229166666666668 0.05462962962962963
0 0.4708333333333333 0.8453703703703704 0.014583333333333334 0.05185185185185186
0 0.46901041666666665 0.7481481481481482 0.0140625 0.0462962962962963
0 0.4692708333333333 0.6689814814814815 0.011458333333333333 0.04166666666666667
0 0.4671875 0.6013888888888889 0.0125 0.03981481481481482
0 0.4671875 0.5425925925925926 0.011458333333333333 0.037037037037037035
0 0.4661458333333333 0.4935185185185185 0.009375 0.03518518518518519
6 0.4375 0.6046296296296296 0.016666666666666666 0.1
4 0.3890625 0.6157407407407408 0.017708333333333333 0.1
5 0.37734375 0.6481481481481481 0.019270833333333334 0.11481481481481481
7 0.49244791666666665 0.20324074074074075 0.0359375 0.058333333333333334
