7 0.49140625 0.10462962962962963 0.030729166666666665 0.05740740740740741
3 0.4075520833333333 0.9662037037037038 0.0328125 0.062037037037037036
11 0.43046875 0.5060185185185185 0.0203125 0.09166666666666667
12 0.409375 0.5458333333333334 0.02395833333333333 0.10462962962962963
12 0.4591145833333333 0.5356481481481482 0.021354166666666667 0.09351851851851853
0 0.47239583333333335 0.2916666666666667 0.008333333333333333 0.02777777777777778
0 0.4739583333333333 0.32037037037037036 0.010416666666666666 0.02592592592592593
0 0.4734375 0.34953703703703703 0.0125 0.028703703703703703
0 0.47578125 0.38472222222222224 0.009895833333333333 0.03425925925925926
0 0.47604166666666664 0.42453703703703705 0.010416666666666666 0.03425925925925926
0 0.4770833333333333 0.46851851851851856 0.010416666666666666 0.037037037037037035
0 0.47942708333333334 0.5199074074074074 0.011979166666666666 0.036111111111111115
0 0.45026041666666666 0.5791666666666667 0.011979166666666666 0.03796296296296296
0 0.4200520833333333 0.6458333333333334 0.013020833333333334 0.04351851851851852
0 0.37994791666666666 0.725925925925926 0.015104166666666667 0.0462962962962963
