3 0.4276041666666667 0.7064814814814815 0.025 0.12407407407407407
0 0.4041666666666667 0.5361111111111111 0.009375 0.03888888888888889
0 0.4359375 0.487962962962963 0.010416666666666666 0.03888888888888889
0 0.45989583333333334 0.4393518518518519 0.00625 0.030555555555555558
0 0.48463541666666665 0.4 0.0067708333333333336 0.02962962962962963
0 0.4828125 0.3666666666666667 0.007291666666666667 0.02777777777777778
0 0.4822916666666667 0.33194444444444443 0.008333333333333333 0.025
0 0.48020833333333335 0.3055555555555556 0.007291666666666667 0.024074074074074074
0 0.4796875 0.2777777777777778 0.007291666666666667 0.024074074074074074
0 0.4786458333333333 0.25324074074074077 0.00625 0.021296296296296296
0 0.4770833333333333 0.23055555555555557 0.00625 0.020370370370370372
12 0.45078124999999997 0.41250000000000003 0.013020833333333334 0.08425925925925926
12 0.4239583333333333 0.44074074074074077 0.01875 0.08333333333333334
11 0.42526041666666664 0.3912037037037037 0.013020833333333334 0.021296296296296296
7 0.49635416666666665 0.07916666666666666 0.028125 0.04722222222222222
