7 0.4940104166666667 0.06481481481481481 0.0265625 0.05
0 0.47760416666666666 0.2013888888888889 0.007291666666666667 0.021296296296296296
0 0.4791666666666667 0.22083333333333335 0.008333333333333333 0.021296296296296296
0 0.4791666666666667 0.2425925925925926 0.007291666666666667 0.024074074074074074
0 0.4809895833333333 0.2662037037037037 0.0078125 0.025
0 0.48151041666666666 0.2916666666666667 0.0078125 0.024074074074074074
0 0.48203124999999997 0.3189814814814815 0.009895833333333333 0.026851851851851852
0 0.48463541666666665 0.34953703703703703 0.008854166666666666 0.028703703703703703
0 0.4627604166666667 0.3837962962962963 0.0078125 0.030555555555555558
0 0.44088541666666664 0.42129629629629634 0.0078125 0.031481481481481485
0 0.4140625 0.46574074074074073 0.009375 0.03518518518518519
12 0.4484375 0.40925925925925927 0.016666666666666666 0.07962962962962963
12 0.4270833333333333 0.43194444444444446 0.017708333333333333 0.08796296296296297
11 0.42291666666666666 0.4064814814814815 0.015625 0.07592592592592592
3 0.4315104166666667 0.5930555555555556 0.024479166666666666 0.10462962962962963
