3 0.4328125 0.7101851851851853 0.020833333333333332 0.10740740740740741
5 0.41953124999999997 0.39861111111111114 0.01614583333333333 0.0787037037037037
5 0.47031249999999997 0.3800925925925926 0.013541666666666667 0.0712962962962963
8 0.4434895833333333 0.3888888888888889 0.01614583333333333 0.07037037037037037
0 0.40729166666666666 0.5740740740740741 0.009375 0.03518518518518519
0 0.4380208333333333 0.5203703703703704 0.009375 0.03333333333333333
0 0.46249999999999997 0.47453703703703703 0.008333333333333333 0.030555555555555558
0 0.48671875 0.4351851851851852 0.0078125 0.02777777777777778
0 0.48463541666666665 0.39861111111111114 0.0078125 0.026851851851851852
0 0.4828125 0.3662037037037037 0.007291666666666667 0.025
0 0.4825520833333333 0.33564814814814814 0.0067708333333333336 0.025
0 0.4809895833333333 0.3087962962962963 0.0067708333333333336 0.025
0 0.4809895833333333 0.2865740740740741 0.0067708333333333336 0.021296296296296296
0 0.47942708333333334 0.2638888888888889 0.005729166666666666 0.022222222222222223
7 0.49713541666666666 0.11018518518518519 0.0265625 0.044444444444444446
