12 0.46458333333333335 0.7444444444444445 0.021875 0.12592592592592594
11 0.4015625 0.6569444444444444 0.022916666666666665 0.11203703703703705
12 0.3885416666666667 0.75 0.030208333333333334 0.13333333333333333
0 0.43776041666666665 0.8189814814814815 0.01614583333333333 0.05648148148148149
0 0.47421874999999997 0.6425925925925926 0.015104166666666667 0.05
0 0.4734375 0.5750000000000001 0.014583333333333334 0.04259259259259259
0 0.47291666666666665 0.5166666666666667 0.015625 0.040740740740740744
0 0.4708333333333333 0.4675925925925926 0.014583333333333334 0.040740740740740744
0 0.47031249999999997 0.4217592592592593 0.013541666666666667 0.036111111111111115
0 0.46953125 0.3814814814814815 0.013020833333333334 0.03518518518518519
7 0.49322916666666666 0.14444444444444446 0.034375 0.06296296296296297
0 0.3971354166666667 0.9342592592592593 0.0203125 0.06851851851851852
