0 0.39817708333333335 0.9773148148148149 0.011979166666666666 0.03981481481481482
0 0.43984375 0.8680555555555556 0.0140625 0.05277777777777778
0 0.47890625 0.7671296296296296 0.0140625 0.04351851851851852
0 0.47604166666666664 0.6856481481481482 0.008333333333333333 0.04166666666666667
0 0.4731770833333333 0.6166666666666667 0.011979166666666666 0.037037037037037035
0 0.47291666666666665 0.5564814814814815 0.009375 0.03333333333333333
0 0.4700520833333333 0.5050925925925926 0.009895833333333333 0.032407407407407406
0 0.46979166666666666 0.4203703703703704 0.00625 0.031481481481481485
0 0.471875 0.45972222222222225 0.008333333333333333 0.030555555555555558
7 0.4927083333333333 0.1763888888888889 0.03333333333333333 0.05462962962962963
5 0.390625 0.5750000000000001 0.014583333333333334 0.1
4 0.40520833333333334 0.5643518518518519 0.013541666666666667 0.09166666666666667
6 0.43046875 0.5449074074074074 0.025520833333333333 0.09351851851851853
