7 0.4927083333333333 0.1675925925925926 0.035416666666666666 0.06296296296296297
0 0.4666666666666667 0.4439814814814815 0.009375 0.030555555555555558
0 0.4671875 0.49212962962962964 0.010416666666666666 0.03425925925925926
0 0.4671875 0.5467592592592593 0.010416666666666666 0.036111111111111115
0 0.46901041666666665 0.6101851851851852 0.011979166666666666 0.040740740740740744
0 0.4692708333333333 0.6856481481481482 0.0125 0.04351851851851852
0 0.46979166666666666 0.7736111111111111 0.014583333333333334 0.04537037037037037
0 0.47239583333333335 0.8819444444444445 0.015625 0.05092592592592593
0 0.42526041666666664 0.9935185185185186 0.0078125 0.012962962962962964
12 0.4322916666666667 0.7439814814814815 0.026041666666666668 0.1212962962962963
12 0.3578125 0.8097222222222222 0.029166666666666667 0.13611111111111113
11 0.39401041666666664 0.7199074074074074 0.0234375 0.1175925925925926
