12 0.4627604166666667 0.7486111111111111 0.021354166666666667 0.13240740740740742
11 0.40338541666666666 0.6578703703703704 0.0203125 0.11388888888888889
12 0.38776041666666666 0.7546296296296297 0.028645833333333332 0.13703703703703704
0 0.39453125 0.9453703703703704 0.022395833333333334 0.061111111111111116
0 0.43854166666666666 0.8282407407407407 0.016666666666666666 0.058333333333333334
0 0.4734375 0.6490740740740741 0.016666666666666666 0.0462962962962963
0 0.47291666666666665 0.5800925925925926 0.0125 0.04537037037037037
0 0.47265625 0.5208333333333334 0.013020833333333334 0.04166666666666667
0 0.4708333333333333 0.46990740740740744 0.011458333333333333 0.03796296296296296
0 0.4708333333333333 0.42592592592592593 0.011458333333333333 0.03518518518518519
0 0.46979166666666666 0.3856481481481482 0.010416666666666666 0.036111111111111115
7 0.4940104166666667 0.14537037037037037 0.0328125 0.06296296296296297
