0 0.40390624999999997 0.55 0.0067708333333333336 0.03333333333333333
0 0.4354166666666667 0.49722222222222223 0.007291666666666667 0.03333333333333333
0 0.46041666666666664 0.44953703703703707 0.007291666666666667 0.030555555555555558
0 0.48463541666666665 0.4078703703703704 0.0078125 0.028703703703703703
0 0.4828125 0.37222222222222223 0.007291666666666667 0.02777777777777778
0 0.4809895833333333 0.337037037037037 0.0078125 0.02962962962962963
0 0.48151041666666666 0.3087962962962963 0.005729166666666666 0.02314814814814815
0 0.4796875 0.28101851851851856 0.00625 0.02314814814814815
0 0.4783854166666667 0.2569444444444445 0.005729166666666666 0.019444444444444445
0 0.4783854166666667 0.23472222222222222 0.0078125 0.02314814814814815
12 0.44947916666666665 0.4185185185185185 0.01875 0.08333333333333334
12 0.42291666666666666 0.4467592592592593 0.02395833333333333 0.08981481481481482
11 0.42291666666666666 0.39722222222222225 0.013541666666666667 0.02592592592592593
7 0.4953125 0.0787037037037037 0.027083333333333334 0.0462962962962963
3 0.4302083333333333 0.7199074074074074 0.022916666666666665 0.1212962962962963
