3 0.43072916666666666 0.7162037037037037 0.022916666666666665 0.12314814814814816
0 0.4046875 0.5444444444444445 0.008333333333333333 0.040740740740740744
0 0.4359375 0.4930555555555556 0.008333333333333333 0.030555555555555558
0 0.4609375 0.4449074074074074 0.007291666666666667 0.032407407407407406
0 0.48463541666666665 0.4041666666666667 0.0078125 0.026851851851851852
0 0.4828125 0.3689814814814815 0.00625 0.026851851851851852
0 0.48151041666666666 0.33472222222222225 0.0078125 0.028703703703703703
0 0.4809895833333333 0.30648148148148147 0.0067708333333333336 0.024074074074074074
0 0.4796875 0.2791666666666667 0.008333333333333333 0.026851851851851852
0 0.4791666666666667 0.25462962962962965 0.008333333333333333 0.018518518518518517
0 0.4783854166666667 0.23194444444444445 0.008854166666666666 0.025
12 0.45026041666666666 0.4166666666666667 0.018229166666666668 0.08333333333333334
12 0.42473958333333334 0.4425925925925926 0.021354166666666667 0.08518518518518518
11 0.42213541666666665 0.3912037037037037 0.013020833333333334 0.017592592592592594
7 0.49635416666666665 0.08055555555555556 0.03333333333333333 0.053703703703703705
