7 0.49374999999999997 0.13703703703703704 0.03333333333333333 0.05740740740740741
12 0.38984375 0.7138888888888889 0.03177083333333333 0.12037037037037038
12 0.4674479166666667 0.7064814814814815 0.0234375 0.11481481481481481
11 0.40260416666666665 0.6425925925925926 0.019791666666666666 0.10740740740740741
0 0.4705729166666667 0.3680555555555556 0.009895833333333333 0.030555555555555558
0 0.4713541666666667 0.4050925925925926 0.010416666666666666 0.03425925925925926
0 0.47161458333333334 0.4476851851851852 0.009895833333333333 0.030555555555555558
0 0.47369791666666666 0.4939814814814815 0.0109375 0.03425925925925926
0 0.47291666666666665 0.549537037037037 0.013541666666666667 0.036111111111111115
0 0.475 0.6129629629629629 0.0125 0.040740740740740744
0 0.47812499999999997 0.687962962962963 0.011458333333333333 0.04259259259259259
0 0.440625 0.7763888888888889 0.015625 0.049074074074074076
0 0.4015625 0.8810185185185185 0.015625 0.05277777777777778
