7 0.4921875 0.18194444444444446 0.036458333333333336 0.06759259259259259
0 0.46328125 0.4847222222222222 0.009895833333333333 0.03425925925925926
0 0.4640625 0.5388888888888889 0.011458333333333333 0.037037037037037035
0 0.4640625 0.6027777777777777 0.011458333333333333 0.03888888888888889
0 0.46510416666666665 0.674537037037037 0.0125 0.04351851851851852
0 0.46510416666666665 0.762962962962963 0.014583333333333334 0.044444444444444446
0 0.46588541666666666 0.8694444444444445 0.015104166666666667 0.05185185185185186
0 0.46848958333333335 0.9856481481481482 0.0109375 0.028703703703703703
12 0.4203125 0.7592592592592593 0.021875 0.12222222222222223
12 0.3578125 0.8347222222222223 0.03125 0.1398148148148148
11 0.37734375 0.7662037037037037 0.021354166666666667 0.125
