7 0.4908854166666667 0.19907407407407407 0.03802083333333333 0.07037037037037037
0 0.4596354166666667 0.5398148148148149 0.0109375 0.03518518518518519
0 0.4596354166666667 0.6013888888888889 0.013020833333333334 0.04166666666666667
0 0.4591145833333333 0.675462962962963 0.0140625 0.04351851851851852
0 0.4614583333333333 0.763425925925926 0.013541666666666667 0.04537037037037037
0 0.45989583333333334 0.8699074074074075 0.015625 0.05277777777777778
0 0.4596354166666667 0.987037037037037 0.0109375 0.02592592592592593
12 0.34713541666666664 0.888888888888889 0.030729166666666665 0.15555555555555556
12 0.4354166666666667 0.750462962962963 0.027083333333333334 0.12314814814814816
11 0.40598958333333335 0.8 0.024479166666666666 0.12962962962962962
