3 0.4375 0.6824074074074075 0.019791666666666666 0.10555555555555556
5 0.4223958333333333 0.3888888888888889 0.015625 0.07592592592592592
5 0.475 0.3666666666666667 0.013541666666666667 0.06851851851851852
8 0.44296874999999997 0.37453703703703706 0.015104166666666667 0.06944444444444445
0 0.4109375 0.5550925925925926 0.008333333333333333 0.032407407407407406
0 0.44114583333333335 0.5046296296296297 0.009375 0.03333333333333333
0 0.46458333333333335 0.46064814814814814 0.008333333333333333 0.028703703703703703
0 0.48776041666666664 0.42083333333333334 0.0078125 0.028703703703703703
0 0.48593749999999997 0.38703703703703707 0.007291666666666667 0.02592592592592593
0 0.4848958333333333 0.3541666666666667 0.007291666666666667 0.026851851851851852
0 0.48411458333333335 0.32592592592592595 0.0067708333333333336 0.024074074074074074
0 0.48203124999999997 0.30092592592592593 0.0067708333333333336 0.024074074074074074
0 0.4817708333333333 0.2777777777777778 0.00625 0.024074074074074074
0 0.4809895833333333 0.2569444444444445 0.005729166666666666 0.021296296296296296
7 0.4979166666666667 0.10601851851851853 0.026041666666666668 0.04351851851851852
