7 0.4921875 0.10046296296296296 0.03229166666666666 0.05092592592592593
12 0.4578125 0.5180555555555556 0.022916666666666665 0.08981481481481482
12 0.40989583333333335 0.5310185185185186 0.025 0.10277777777777779
11 0.4265625 0.49722222222222223 0.021875 0.08888888888888889
3 0.40911458333333334 0.9476851851851852 0.03802083333333333 0.09351851851851853
0 0.47239583333333335 0.2851851851851852 0.008333333333333333 0.02592592592592593
0 0.47291666666666665 0.3138888888888889 0.009375 0.02592592592592593
0 0.47369791666666666 0.34351851851851856 0.008854166666666666 0.02777777777777778
0 0.47552083333333334 0.37592592592592594 0.009375 0.031481481481481485
0 0.47578125 0.41435185185185186 0.0109375 0.03425925925925926
0 0.4770833333333333 0.45601851851851855 0.010416666666666666 0.036111111111111115
0 0.4791666666666667 0.5069444444444444 0.011458333333333333 0.036111111111111115
0 0.4497395833333333 0.5638888888888889 0.011979166666666666 0.037037037037037035
0 0.42161458333333335 0.6268518518518519 0.011979166666666666 0.040740740740740744
0 0.38255208333333335 0.7018518518518518 0.013020833333333334 0.044444444444444446
