3 0.4348958333333333 0.6407407407407407 0.025 0.11296296296296297
0 0.40963541666666664 0.4962962962962963 0.008854166666666666 0.03333333333333333
0 0.43828125 0.4481481481481482 0.0067708333333333336 0.031481481481481485
0 0.46171875 0.40694444444444444 0.005729166666666666 0.026851851851851852
0 0.48411458333333335 0.36944444444444446 0.0046875 0.02777777777777778
0 0.4822916666666667 0.3375 0.005208333333333333 0.021296296296296296
0 0.4809895833333333 0.30972222222222223 0.005729166666666666 0.02314814814814815
0 0.48020833333333335 0.28101851851851856 0.005208333333333333 0.02314814814814815
0 0.4783854166666667 0.2564814814814815 0.0046875 0.018518518518518517
0 0.47760416666666666 0.2337962962962963 0.005208333333333333 0.021296296296296296
0 0.4765625 0.21666666666666667 0.007291666666666667 0.020370370370370372
7 0.4940104166666667 0.06898148148148149 0.027604166666666666 0.04537037037037037
12 0.4471354166666667 0.4064814814814815 0.0171875 0.07777777777777778
12 0.4184895833333333 0.4305555555555556 0.0203125 0.08518518518518518
11 0.4203125 0.3819444444444445 0.013541666666666667 0.026851851851851852
