7 0.49322916666666666 0.06712962962962964 0.027083333333333334 0.04722222222222222
0 0.4765625 0.2087962962962963 0.007291666666666667 0.021296296296296296
0 0.47760416666666666 0.23055555555555557 0.007291666666666667 0.024074074074074074
0 0.47760416666666666 0.2518518518518519 0.007291666666666667 0.024074074074074074
0 0.4796875 0.2763888888888889 0.007291666666666667 0.025
0 0.48020833333333335 0.30185185185185187 0.008333333333333333 0.02592592592592593
0 0.48151041666666666 0.33194444444444443 0.0109375 0.026851851851851852
0 0.48463541666666665 0.3625 0.0109375 0.028703703703703703
0 0.4614583333333333 0.39814814814814814 0.009375 0.031481481481481485
0 0.43906249999999997 0.4375 0.009375 0.03425925925925926
0 0.4109375 0.4814814814814815 0.010416666666666666 0.03888888888888889
12 0.4471354166666667 0.40601851851851856 0.021354166666666667 0.08240740740740742
12 0.42213541666666665 0.4287037037037037 0.0171875 0.08888888888888889
11 0.4197916666666667 0.40694444444444444 0.017708333333333333 0.0787037037037037
3 0.4315104166666667 0.6212962962962963 0.022395833333333334 0.10925925925925926
