0 0.4005208333333333 0.5995370370370371 0.008333333333333333 0.03425925925925926
0 0.4421875 0.5421296296296296 0.008333333333333333 0.030555555555555558
0 0.4778645833333333 0.49768518518518523 0.0078125 0.028703703703703703
0 0.49583333333333335 0.4175925925925926 0.007291666666666667 0.024074074074074074
0 0.4984375 0.27731481481481485 0.00625 0.021296296296296296
2 0.48515625 0.30324074074074076 0.0109375 0.012037037037037037
2 0.496875 0.3277777777777778 0.00625 0.011111111111111112
2 0.48776041666666664 0.3574074074074074 0.013020833333333334 0.011111111111111112
2 0.4940104166666667 0.38981481481481484 0.0067708333333333336 0.016666666666666666
2 0.50234375 0.4601851851851852 0.015104166666666667 0.016666666666666666
6 0.33567708333333335 0.4814814814814815 0.018229166666666668 0.07962962962962963
3 0.35182291666666665 0.49722222222222223 0.011979166666666666 0.08703703703703704
3 0.36041666666666666 0.49953703703703706 0.013541666666666667 0.08240740740740742
7 0.5263020833333333 0.1638888888888889 0.030729166666666665 0.05555555555555556
