7 0.5356770833333333 0.26203703703703707 0.04010416666666666 0.06851851851851852
3 0.39348958333333334 0.8106481481481482 0.024479166666666666 0.125
4 0.39088541666666665 0.6995370370370371 0.0234375 0.08796296296296297
5 0.453125 0.7199074074074074 0.022916666666666665 0.11388888888888889
0 0.4513020833333333 0.9601851851851853 0.022395833333333334 0.05740740740740741
0 0.48411458333333335 0.8458333333333333 0.0140625 0.049074074074074076
0 0.48359375 0.7532407407407408 0.015104166666666667 0.05092592592592593
0 0.4888020833333333 0.6712962962962963 0.0140625 0.037037037037037035
0 0.4903645833333333 0.6032407407407407 0.011979166666666666 0.03796296296296296
0 0.49192708333333335 0.5481481481481482 0.009895833333333333 0.02962962962962963
0 0.49374999999999997 0.500462962962963 0.009375 0.030555555555555558
0 0.49583333333333335 0.4564814814814815 0.009375 0.02777777777777778
