7 0.5229166666666667 0.13333333333333333 0.030208333333333334 0.05555555555555556
6 0.3578125 0.3907407407407408 0.014583333333333334 0.07777777777777778
3 0.3684895833333333 0.40185185185185185 0.011979166666666666 0.07592592592592592
0 0.49635416666666665 0.23148148148148148 0.007291666666666667 0.02592592592592593
0 0.4940104166666667 0.34444444444444444 0.0078125 0.024074074074074074
0 0.4786458333333333 0.4083333333333333 0.010416666666666666 0.031481481481481485
0 0.4479166666666667 0.4449074074074074 0.010416666666666666 0.032407407407407406
0 0.41302083333333334 0.4842592592592593 0.010416666666666666 0.031481481481481485
2 0.48541666666666666 0.25277777777777777 0.0125 0.014814814814814815
2 0.49505208333333334 0.27314814814814814 0.008854166666666666 0.016666666666666666
2 0.48671875 0.2972222222222222 0.0171875 0.012962962962962964
2 0.49244791666666665 0.32175925925925924 0.009895833333333333 0.012037037037037037
2 0.5 0.3787037037037037 0.016666666666666666 0.014814814814814815
