7 0.521875 0.12175925925925926 0.028125 0.05277777777777778
6 0.3580729166666667 0.36064814814814816 0.025520833333333333 0.07685185185185185
3 0.38307291666666665 0.36944444444444446 0.013020833333333334 0.07037037037037037
0 0.4966145833333333 0.2125 0.009895833333333333 0.028703703703703703
0 0.49374999999999997 0.31712962962962965 0.008333333333333333 0.028703703703703703
0 0.47942708333333334 0.37453703703703706 0.008854166666666666 0.028703703703703703
0 0.44895833333333335 0.40601851851851856 0.010416666666666666 0.028703703703703703
0 0.41770833333333335 0.4439814814814815 0.008333333333333333 0.032407407407407406
2 0.484375 0.23425925925925928 0.0125 0.011111111111111112
2 0.4940104166666667 0.2518518518518519 0.008854166666666666 0.014814814814814815
2 0.4864583333333333 0.275 0.015625 0.016666666666666666
2 0.49192708333333335 0.2972222222222222 0.009895833333333333 0.014814814814814815
2 0.49895833333333334 0.34953703703703703 0.016666666666666666 0.017592592592592594
