0 0.4359375 0.31157407407407406 0.005208333333333333 0.019444444444444445
0 0.4609375 0.28935185185185186 0.004166666666666667 0.019444444444444445
0 0.48333333333333334 0.26944444444444443 0.004166666666666667 0.018518518518518517
0 0.4953125 0.24953703703703706 0.004166666666666667 0.017592592592592594
0 0.4947916666666667 0.23148148148148148 0.004166666666666667 0.016666666666666666
0 0.49453125 0.21481481481481482 0.0036458333333333334 0.011111111111111112
0 0.49453125 0.19814814814814816 0.0036458333333333334 0.012962962962962964
0 0.4940104166666667 0.18611111111111112 0.0046875 0.012962962962962964
0 0.4940104166666667 0.1726851851851852 0.0046875 0.012037037037037037
0 0.4947916666666667 0.15833333333333333 0.004166666666666667 0.016666666666666666
3 0.46588541666666666 0.24814814814814815 0.008854166666666666 0.05555555555555556
3 0.3958333333333333 0.2689814814814815 0.014583333333333334 0.05648148148148149
6 0.47760416666666666 0.22592592592592595 0.0125 0.05555555555555556
4 0.4440104166666667 0.2439814814814815 0.0140625 0.06018518518518519
7 0.5158854166666667 0.08750000000000001 0.024479166666666666 0.04537037037037037
