7 0.525 0.15231481481481482 0.03229166666666666 0.06018518518518519
6 0.33958333333333335 0.45416666666666666 0.02395833333333333 0.08425925925925926
3 0.3658854166666667 0.4703703703703704 0.015104166666666667 0.07962962962962963
0 0.4979166666666667 0.26435185185185184 0.007291666666666667 0.028703703703703703
0 0.49505208333333334 0.39537037037037037 0.0078125 0.02777777777777778
0 0.4783854166666667 0.4708333333333333 0.013020833333333334 0.032407407407407406
0 0.44427083333333334 0.5143518518518518 0.0125 0.03425925925925926
0 0.4049479166666667 0.563425925925926 0.009895833333333333 0.03796296296296296
2 0.4856770833333333 0.28703703703703703 0.0140625 0.014814814814814815
2 0.49583333333333335 0.312962962962963 0.009375 0.014814814814814815
2 0.48802083333333335 0.33796296296296297 0.014583333333333334 0.016666666666666666
2 0.49296875 0.36944444444444446 0.009895833333333333 0.018518518518518517
2 0.5015625 0.4361111111111111 0.017708333333333333 0.018518518518518517
