7 0.53046875 0.19907407407407407 0.034895833333333334 0.06481481481481481
0 0.49973958333333335 0.3351851851851852 0.0078125 0.022222222222222223
0 0.496875 0.5111111111111112 0.009375 0.03333333333333333
0 0.47604166666666664 0.6185185185185186 0.009375 0.03333333333333333
0 0.43385416666666665 0.6819444444444445 0.011458333333333333 0.03981481481481482
0 0.3841145833333333 0.7587962962962963 0.0109375 0.04351851851851852
2 0.503125 0.5671296296296297 0.01875 0.019444444444444445
2 0.4940104166666667 0.47453703703703703 0.0078125 0.021296296296296296
2 0.48723958333333334 0.4337962962962963 0.01614583333333333 0.015740740740740743
2 0.49765624999999997 0.39675925925925926 0.0078125 0.015740740740740743
2 0.48541666666666666 0.362962962962963 0.0125 0.011111111111111112
6 0.31015625 0.600925925925926 0.0203125 0.09074074074074075
3 0.328125 0.625462962962963 0.011458333333333333 0.10277777777777779
3 0.3390625 0.6300925925925926 0.010416666666666666 0.09351851851851853
