3 0.3546875 0.4481481481481482 0.019791666666666666 0.08518518518518518
3 0.45026041666666666 0.39537037037037037 0.0171875 0.07592592592592592
6 0.47552083333333334 0.33564814814814814 0.0125 0.07314814814814816
4 0.4359375 0.36944444444444446 0.011458333333333333 0.07222222222222223
0 0.40911458333333334 0.5166666666666667 0.009895833333333333 0.03518518518518519
0 0.44479166666666664 0.4708333333333333 0.009375 0.032407407407407406
0 0.47604166666666664 0.4337962962962963 0.009375 0.032407407407407406
0 0.49166666666666664 0.3990740740740741 0.009375 0.02962962962962963
0 0.4903645833333333 0.3680555555555556 0.008854166666666666 0.028703703703703703
0 0.4908854166666667 0.3388888888888889 0.0078125 0.02592592592592593
0 0.4908854166666667 0.312962962962963 0.008854166666666666 0.022222222222222223
0 0.4903645833333333 0.2902777777777778 0.008854166666666666 0.026851851851851852
1 0.4903645833333333 0.25833333333333336 0.0078125 0.04259259259259259
7 0.5158854166666667 0.1476851851851852 0.030729166666666665 0.05277777777777778
