3 0.378125 0.34861111111111115 0.014583333333333334 0.06574074074074074
3 0.46328125 0.31203703703703706 0.0109375 0.06481481481481481
4 0.43984375 0.3027777777777778 0.0140625 0.05925925925925926
6 0.47942708333333334 0.28194444444444444 0.0140625 0.062037037037037036
0 0.4244791666666667 0.40046296296296297 0.008333333333333333 0.028703703703703703
0 0.453125 0.3699074074074074 0.008333333333333333 0.026851851851851852
0 0.47994791666666664 0.3416666666666667 0.0078125 0.024074074074074074
0 0.49374999999999997 0.31574074074074077 0.007291666666666667 0.024074074074074074
0 0.49244791666666665 0.2935185185185185 0.0067708333333333336 0.022222222222222223
0 0.49296875 0.27037037037037037 0.0067708333333333336 0.022222222222222223
0 0.49296875 0.2513888888888889 0.0067708333333333336 0.019444444444444445
0 0.49244791666666665 0.23194444444444445 0.005729166666666666 0.021296296296296296
0 0.49322916666666666 0.21666666666666667 0.00625 0.016666666666666666
0 0.49244791666666665 0.19953703703703704 0.0067708333333333336 0.021296296296296296
7 0.51484375 0.11620370370370371 0.0265625 0.04351851851851852
