3 0.36276041666666664 0.4041666666666667 0.0171875 0.075
0 0.4140625 0.4652777777777778 0.0125 0.03425925925925926
0 0.4471354166666667 0.42592592592592593 0.0109375 0.031481481481481485
7 0.5153645833333333 0.1337962962962963 0.028645833333333332 0.05092592592592593
0 0.47604166666666664 0.3939814814814815 0.010416666666666666 0.028703703703703703
0 0.49166666666666664 0.3611111111111111 0.009375 0.02592592592592593
0 0.4895833333333333 0.33287037037037037 0.008333333333333333 0.025
0 0.4908854166666667 0.30694444444444446 0.008854166666666666 0.025
0 0.4908854166666667 0.2833333333333333 0.0078125 0.024074074074074074
6 0.4752604166666667 0.3111111111111111 0.013020833333333334 0.06851851851851852
3 0.46041666666666664 0.36064814814814816 0.015625 0.06944444444444445
4 0.4315104166666667 0.33842592592592596 0.0140625 0.06759259259259259
