3 0.37734375 0.35370370370370374 0.015104166666666667 0.06851851851851852
3 0.4627604166666667 0.31574074074074077 0.013020833333333334 0.06666666666666667
4 0.43828125 0.3050925925925926 0.0140625 0.06018518518518519
6 0.47890625 0.28425925925925927 0.011979166666666666 0.05925925925925926
0 0.42265625 0.40601851851851856 0.009895833333333333 0.026851851851851852
0 0.453125 0.3740740740740741 0.010416666666666666 0.024074074074074074
0 0.47994791666666664 0.3472222222222222 0.008854166666666666 0.024074074074074074
7 0.5153645833333333 0.11944444444444445 0.0265625 0.0462962962962963
0 0.49322916666666666 0.3180555555555556 0.007291666666666667 0.026851851851851852
0 0.49296875 0.2953703703703704 0.005729166666666666 0.020370370370370372
0 0.49296875 0.27361111111111114 0.0067708333333333336 0.02314814814814815
0 0.49296875 0.25416666666666665 0.0067708333333333336 0.021296296296296296
0 0.49244791666666665 0.23564814814814816 0.0067708333333333336 0.021296296296296296
0 0.49296875 0.21944444444444444 0.0078125 0.022222222222222223
0 0.4927083333333333 0.20185185185185187 0.007291666666666667 0.022222222222222223
