0 0.4166666666666667 0.4449074074074074 0.007291666666666667 0.028703703703703703
0 0.45 0.40740740740740744 0.009375 0.024074074074074074
0 0.4791666666666667 0.37592592592592594 0.010416666666666666 0.02592592592592593
0 0.4942708333333333 0.3199074074074074 0.00625 0.021296296296296296
0 0.49557291666666664 0.21342592592592594 0.0067708333333333336 0.021296296296296296
2 0.48541666666666666 0.23657407407407408 0.011458333333333333 0.012037037037037037
2 0.4942708333333333 0.25324074074074077 0.007291666666666667 0.012037037037037037
2 0.48776041666666664 0.27592592592592596 0.0171875 0.011111111111111112
2 0.49140625 0.29953703703703705 0.008854166666666666 0.015740740740740743
2 0.4979166666666667 0.350462962962963 0.016666666666666666 0.015740740740740743
7 0.52109375 0.12222222222222223 0.030729166666666665 0.04814814814814815
6 0.35911458333333335 0.3592592592592593 0.0171875 0.07037037037037037
3 0.3734375 0.3689814814814815 0.0125 0.07314814814814816
