3 0.19661458333333334 0.9287037037037037 0.034895833333333334 0.13333333333333333
3 0.4067708333333333 0.6870370370370371 0.020833333333333332 0.10740740740740741
4 0.40963541666666664 0.5962962962962963 0.022395833333333334 0.07037037037037037
5 0.4609375 0.6162037037037037 0.021875 0.10277777777777779
7 0.5359375 0.23101851851851854 0.03958333333333333 0.06574074074074074
0 0.49973958333333335 0.3976851851851852 0.008854166666666666 0.025
0 0.4979166666666667 0.43194444444444446 0.008333333333333333 0.028703703703703703
0 0.49505208333333334 0.4712962962962963 0.0078125 0.031481481481481485
0 0.49609375 0.5194444444444445 0.011979166666666666 0.03518518518518519
0 0.4934895833333333 0.5712962962962963 0.0109375 0.03333333333333333
0 0.4908854166666667 0.6328703703703704 0.009895833333333333 0.03796296296296296
0 0.4901041666666667 0.7032407407407407 0.014583333333333334 0.03981481481481482
0 0.46197916666666666 0.7902777777777779 0.0125 0.04537037037037037
0 0.40703125 0.8837962962962963 0.0140625 0.05092592592592593
