7 0.521875 0.12175925925925926 0.03125 0.05277777777777778
0 0.49557291666666664 0.2162037037037037 0.0078125 0.021296296296296296
0 0.49374999999999997 0.3199074074074074 0.008333333333333333 0.025
0 0.4783854166666667 0.3787037037037037 0.011979166666666666 0.02777777777777778
0 0.4497395833333333 0.40925925925925927 0.011979166666666666 0.02962962962962963
0 0.4158854166666667 0.4467592592592593 0.0109375 0.030555555555555558
2 0.484375 0.23472222222222222 0.0125 0.012037037037037037
2 0.4940104166666667 0.25462962962962965 0.008854166666666666 0.012962962962962964
2 0.48671875 0.27546296296296297 0.01614583333333333 0.012037037037037037
2 0.4908854166666667 0.2990740740740741 0.013020833333333334 0.016666666666666666
2 0.4979166666666667 0.350462962962963 0.017708333333333333 0.019444444444444445
6 0.35703125 0.3578703703703704 0.0171875 0.06944444444444445
3 0.37265625 0.37083333333333335 0.013020833333333334 0.0712962962962963
