7 0.5247395833333334 0.14305555555555557 0.0328125 0.058333333333333334
6 0.3481770833333333 0.4222222222222222 0.018229166666666668 0.07777777777777778
3 0.3625 0.43333333333333335 0.0125 0.07962962962962963
0 0.49713541666666666 0.24722222222222223 0.011979166666666666 0.024074074074074074
0 0.49453125 0.3685185185185185 0.008854166666666666 0.02777777777777778
0 0.4783854166666667 0.43842592592592594 0.011979166666666666 0.030555555555555558
0 0.44557291666666665 0.475462962962963 0.013020833333333334 0.036111111111111115
0 0.40859375 0.5222222222222223 0.013020833333333334 0.03518518518518519
2 0.48515625 0.26805555555555555 0.0140625 0.019444444444444445
2 0.49609375 0.29120370370370374 0.009895833333333333 0.01388888888888889
2 0.4875 0.3162037037037037 0.015625 0.015740740740740743
2 0.49322916666666666 0.3458333333333333 0.009375 0.017592592592592594
2 0.50078125 0.40601851851851856 0.018229166666666668 0.021296296296296296
