7 0.515625 0.11157407407407408 0.026041666666666668 0.04722222222222222
0 0.49374999999999997 0.19398148148148148 0.00625 0.021296296296296296
0 0.49374999999999997 0.2087962962962963 0.00625 0.015740740740740743
0 0.49296875 0.22453703703703703 0.005729166666666666 0.017592592592592594
0 0.49374999999999997 0.24166666666666667 0.005208333333333333 0.018518518518518517
0 0.49374999999999997 0.2606481481481482 0.00625 0.021296296296296296
0 0.49322916666666666 0.28101851851851856 0.00625 0.021296296296296296
0 0.4942708333333333 0.30185185185185187 0.00625 0.020370370370370372
0 0.48125 0.3282407407407408 0.007291666666666667 0.02314814814814815
0 0.4552083333333333 0.35370370370370374 0.00625 0.024074074074074074
3 0.38229166666666664 0.33333333333333337 0.0125 0.06481481481481481
4 0.4432291666666667 0.2925925925925926 0.010416666666666666 0.061111111111111116
3 0.46588541666666666 0.2967592592592593 0.009895833333333333 0.06018518518518519
6 0.47942708333333334 0.2726851851851852 0.009895833333333333 0.058333333333333334
