3 0.32369791666666664 0.6375000000000001 0.015104166666666667 0.10833333333333334
3 0.33697916666666666 0.6458333333333334 0.0125 0.09722222222222222
6 0.30625 0.6171296296296297 0.016666666666666666 0.08981481481481482
0 0.38229166666666664 0.7791666666666667 0.011458333333333333 0.04166666666666667
0 0.43255208333333334 0.6972222222222223 0.011979166666666666 0.037037037037037035
0 0.4752604166666667 0.6328703703703704 0.0109375 0.03796296296296296
0 0.49609375 0.5217592592592593 0.0078125 0.03425925925925926
0 0.5005208333333333 0.3425925925925926 0.007291666666666667 0.024074074074074074
2 0.48515625 0.3726851851851852 0.011979166666666666 0.01388888888888889
2 0.4979166666666667 0.4050925925925926 0.008333333333333333 0.015740740740740743
2 0.48671875 0.4430555555555556 0.0171875 0.012037037037037037
2 0.4942708333333333 0.48379629629629634 0.00625 0.021296296296296296
2 0.5041666666666667 0.5810185185185185 0.017708333333333333 0.019444444444444445
7 0.5307291666666667 0.20277777777777778 0.03333333333333333 0.061111111111111116
