0 0.43645833333333334 0.2837962962962963 0.004166666666666667 0.021296296296296296
0 0.4596354166666667 0.2638888888888889 0.0036458333333333334 0.018518518518518517
0 0.48020833333333335 0.24675925925925926 0.005208333333333333 0.021296296296296296
0 0.49166666666666664 0.22962962962962963 0.004166666666666667 0.016666666666666666
0 0.4908854166666667 0.21296296296296297 0.0046875 0.014814814814814815
0 0.49140625 0.19722222222222224 0.0036458333333333334 0.012962962962962964
0 0.4908854166666667 0.18333333333333335 0.0036458333333333334 0.012962962962962964
0 0.4908854166666667 0.16990740740740742 0.0046875 0.01388888888888889
0 0.4908854166666667 0.15925925925925927 0.0046875 0.009259259259259259
0 0.4908854166666667 0.14675925925925926 0.0046875 0.01388888888888889
3 0.45989583333333334 0.2263888888888889 0.009375 0.05462962962962963
3 0.3997395833333333 0.24675925925925926 0.013020833333333334 0.058333333333333334
6 0.4739583333333333 0.2162037037037037 0.011458333333333333 0.05462962962962963
7 0.5114583333333333 0.08148148148148149 0.025 0.040740740740740744
