3 0.3880208333333333 0.3078703703703704 0.013541666666666667 0.0638888888888889
3 0.46067708333333335 0.27222222222222225 0.0109375 0.05925925925925926
4 0.4440104166666667 0.27592592592592596 0.013020833333333334 0.053703703703703705
6 0.47630208333333335 0.2574074074074074 0.011979166666666666 0.05740740740740741
7 0.5158854166666667 0.10231481481481482 0.0265625 0.04166666666666667
0 0.43072916666666666 0.35462962962962963 0.008333333333333333 0.02592592592592593
0 0.4575520833333333 0.3277777777777778 0.0067708333333333336 0.02592592592592593
0 0.4822916666666667 0.3041666666666667 0.00625 0.02314814814814815
0 0.4947916666666667 0.28194444444444444 0.00625 0.021296296296296296
0 0.4940104166666667 0.26203703703703707 0.0046875 0.020370370370370372
0 0.4940104166666667 0.24305555555555555 0.0046875 0.017592592592592594
0 0.49374999999999997 0.2263888888888889 0.005208333333333333 0.021296296296296296
0 0.4940104166666667 0.20740740740740743 0.0046875 0.014814814814814815
0 0.49374999999999997 0.19583333333333333 0.005208333333333333 0.017592592592592594
0 0.4942708333333333 0.1787037037037037 0.00625 0.018518518518518517
