3 0.38984375 0.2976851851851852 0.011979166666666666 0.06018518518518519
3 0.4622395833333333 0.2652777777777778 0.009895833333333333 0.058333333333333334
4 0.440625 0.2689814814814815 0.009375 0.05648148148148149
6 0.47604166666666664 0.250462962962963 0.0125 0.058333333333333334
0 0.4317708333333333 0.3453703703703704 0.008333333333333333 0.024074074074074074
0 0.4588541666666667 0.3189814814814815 0.007291666666666667 0.025
0 0.48203124999999997 0.2949074074074074 0.0078125 0.02314814814814815
0 0.4947916666666667 0.27222222222222225 0.00625 0.024074074074074074
0 0.4940104166666667 0.25277777777777777 0.005729166666666666 0.022222222222222223
0 0.49453125 0.23564814814814816 0.005729166666666666 0.019444444444444445
0 0.4940104166666667 0.2189814814814815 0.005729166666666666 0.019444444444444445
0 0.49374999999999997 0.20370370370370372 0.005208333333333333 0.014814814814814815
0 0.49374999999999997 0.1902777777777778 0.005208333333333333 0.015740740740740743
0 0.4942708333333333 0.1736111111111111 0.00625 0.017592592592592594
7 0.515625 0.09953703703703703 0.025 0.04166666666666667
