7 0.5375 0.2425925925925926 0.0375 0.06666666666666667
3 0.17838541666666666 0.9611111111111111 0.0390625 0.06851851851851852
3 0.40729166666666666 0.7148148148148148 0.025 0.10925925925925926
4 0.4041666666666667 0.6199074074074075 0.021875 0.06759259259259259
5 0.4578125 0.6449074074074075 0.019791666666666666 0.10833333333333334
0 0.4010416666666667 0.9407407407407408 0.017708333333333333 0.05740740740740741
0 0.46041666666666664 0.8347222222222223 0.013541666666666667 0.04351851851851852
0 0.4890625 0.7421296296296297 0.013541666666666667 0.04166666666666667
0 0.4890625 0.6657407407407407 0.011458333333333333 0.037037037037037035
0 0.49322916666666666 0.5986111111111111 0.011458333333333333 0.036111111111111115
0 0.4947916666666667 0.5412037037037037 0.011458333333333333 0.030555555555555558
0 0.49505208333333334 0.4935185185185185 0.0109375 0.03333333333333333
0 0.49765624999999997 0.4518518518518519 0.009895833333333333 0.02962962962962963
0 0.49921875 0.41481481481481486 0.008854166666666666 0.02777777777777778
