7 0.51484375 0.12361111111111112 0.028645833333333332 0.04722222222222222
3 0.37135416666666665 0.375 0.013541666666666667 0.06481481481481481
3 0.4635416666666667 0.33333333333333337 0.013541666666666667 0.06481481481481481
4 0.43697916666666664 0.31666666666666665 0.014583333333333334 0.06296296296296297
6 0.4778645833333333 0.2953703703703704 0.013020833333333334 0.061111111111111116
0 0.41901041666666666 0.4305555555555556 0.008854166666666666 0.02777777777777778
0 0.4497395833333333 0.39490740740740743 0.008854166666666666 0.026851851851851852
0 0.47734375 0.36574074074074076 0.008854166666666666 0.024074074074074074
0 0.49192708333333335 0.3365740740740741 0.0078125 0.02314814814814815
0 0.4908854166666667 0.3111111111111111 0.0078125 0.022222222222222223
0 0.49192708333333335 0.28703703703703703 0.0067708333333333336 0.020370370370370372
0 0.49192708333333335 0.26666666666666666 0.005729166666666666 0.018518518518518517
0 0.49140625 0.24814814814814815 0.005729166666666666 0.020370370370370372
0 0.49114583333333334 0.22962962962962963 0.00625 0.016666666666666666
0 0.49140625 0.21296296296296297 0.005729166666666666 0.018518518518518517
