3 0.29921875 0.7412037037037037 0.021354166666666667 0.1398148148148148
0 0.3697916666666667 0.8472222222222222 0.014583333333333334 0.05740740740740741
0 0.4270833333333333 0.7537037037037038 0.013541666666666667 0.0462962962962963
0 0.46901041666666665 0.6865740740740741 0.0109375 0.05648148148148149
0 0.4940104166666667 0.6212962962962963 0.0109375 0.04259259259259259
0 0.48984374999999997 0.5569444444444445 0.013020833333333334 0.03425925925925926
0 0.4947916666666667 0.5046296296296297 0.0125 0.02777777777777778
0 0.4908854166666667 0.4666666666666667 0.009895833333333333 0.03888888888888889
0 0.4890625 0.42685185185185187 0.0125 0.03333333333333333
0 0.4921875 0.3888888888888889 0.011458333333333333 0.040740740740740744
0 0.4927083333333333 0.35879629629629634 0.016666666666666666 0.036111111111111115
7 0.5171875 0.2189814814814815 0.04583333333333333 0.08055555555555556
3 0.43906249999999997 0.6226851851851852 0.026041666666666668 0.11018518518518519
4 0.43854166666666666 0.5356481481481482 0.02395833333333333 0.09351851851851853
6 0.47161458333333334 0.46805555555555556 0.022395833333333334 0.08981481481481482
