3 0.4510416666666667 0.9319444444444445 0.036458333333333336 0.10648148148148148
4 0.4239583333333333 0.7731481481481481 0.020833333333333332 0.13148148148148148
0 0.5328125 0.9407407407407408 0.015625 0.061111111111111116
6 0.49583333333333335 0.65 0.017708333333333333 0.10925925925925926
7 0.5427083333333333 0.2865740740740741 0.04895833333333333 0.08611111111111111
0 0.5239583333333333 0.8328703703703704 0.015625 0.05277777777777778
0 0.5221354166666666 0.7319444444444445 0.018229166666666668 0.05462962962962963
0 0.5171875 0.6597222222222222 0.014583333333333334 0.03981481481481482
0 0.5140625 0.6060185185185185 0.01875 0.05277777777777778
0 0.5119791666666667 0.5462962962962963 0.015625 0.04259259259259259
0 0.5122395833333333 0.4939814814814815 0.0140625 0.036111111111111115
