6 0.21744791666666666 0.9726851851851852 0.0296875 0.05277777777777778
3 0.24453125 0.9921296296296297 0.013020833333333334 0.012037037037037037
2 0.5046875 0.9115740740740741 0.029166666666666667 0.026851851851851852
2 0.4940104166666667 0.7310185185185185 0.009895833333333333 0.026851851851851852
2 0.48411458333333335 0.6560185185185186 0.021354166666666667 0.017592592592592594
2 0.4979166666666667 0.5944444444444444 0.010416666666666666 0.018518518518518517
2 0.48385416666666664 0.5421296296296296 0.014583333333333334 0.015740740740740743
0 0.5015625 0.49259259259259264 0.007291666666666667 0.02962962962962963
0 0.49635416666666665 0.8041666666666667 0.010416666666666666 0.03981481481481482
7 0.5388020833333333 0.29212962962962963 0.04010416666666666 0.07314814814814816
