3 0.30703125 0.5388888888888889 0.0203125 0.08703703703703704
3 0.4231770833333333 0.4476851851851852 0.013020833333333334 0.08055555555555556
5 0.4669270833333333 0.42638888888888893 0.015104166666666667 0.0787037037037037
4 0.434375 0.41203703703703703 0.0125 0.07222222222222223
0 0.4 0.5851851851851853 0.009375 0.03333333333333333
0 0.4419270833333333 0.5310185185185186 0.008854166666666666 0.030555555555555558
0 0.47812499999999997 0.48564814814814816 0.009375 0.030555555555555558
0 0.49765624999999997 0.44351851851851853 0.0078125 0.02592592592592593
0 0.49765624999999997 0.40601851851851856 0.0078125 0.025
0 0.49947916666666664 0.37222222222222223 0.007291666666666667 0.024074074074074074
0 0.5002604166666667 0.3416666666666667 0.0078125 0.024074074074074074
0 0.5002604166666667 0.31574074074074077 0.0067708333333333336 0.022222222222222223
0 0.5020833333333333 0.29120370370370374 0.00625 0.021296296296296296
0 0.5028645833333333 0.26851851851851855 0.005729166666666666 0.020370370370370372
7 0.5330729166666667 0.15462962962962964 0.030729166666666665 0.05185185185185186
