7 0.5244791666666666 0.14120370370370372 0.03333333333333333 0.05648148148148149
6 0.3515625 0.41574074074074074 0.016666666666666666 0.07962962962962963
3 0.36354166666666665 0.42592592592592593 0.0125 0.07777777777777778
0 0.49583333333333335 0.24351851851851852 0.009375 0.020370370370370372
0 0.4942708333333333 0.3648148148148148 0.008333333333333333 0.02962962962962963
0 0.47760416666666666 0.4300925925925926 0.011458333333333333 0.030555555555555558
0 0.44635416666666666 0.46805555555555556 0.010416666666666666 0.03425925925925926
0 0.40911458333333334 0.513888888888889 0.009895833333333333 0.031481481481481485
2 0.4848958333333333 0.2652777777777778 0.0125 0.015740740740740743
2 0.49583333333333335 0.2865740740740741 0.008333333333333333 0.01388888888888889
2 0.48723958333333334 0.31203703703703706 0.01614583333333333 0.012962962962962964
2 0.49296875 0.33842592592592596 0.0109375 0.019444444444444445
2 0.5002604166666667 0.40092592592592596 0.0171875 0.020370370370370372
