3 0.4015625 0.2388888888888889 0.013541666666666667 0.05740740740740741
3 0.4635416666666667 0.2189814814814815 0.011458333333333333 0.05462962962962963
6 0.4778645833333333 0.20370370370370372 0.011979166666666666 0.053703703703703705
0 0.43906249999999997 0.27592592592592596 0.005208333333333333 0.018518518518518517
0 0.46171875 0.2550925925925926 0.0036458333333333334 0.019444444444444445
0 0.4822916666666667 0.23935185185185187 0.00625 0.017592592592592594
0 0.49322916666666666 0.22037037037037038 0.003125 0.016666666666666666
0 0.49296875 0.20555555555555557 0.0036458333333333334 0.014814814814814815
0 0.49322916666666666 0.1912037037037037 0.003125 0.01388888888888889
0 0.4927083333333333 0.1787037037037037 0.004166666666666667 0.012962962962962964
0 0.4927083333333333 0.16620370370370371 0.004166666666666667 0.01388888888888889
0 0.4934895833333333 0.15416666666666667 0.0036458333333333334 0.012037037037037037
0 0.49322916666666666 0.14074074074074075 0.004166666666666667 0.014814814814814815
7 0.5140625 0.07407407407407407 0.02395833333333333 0.03888888888888889
