3 0.2799479166666667 0.8550925925925926 0.0171875 0.1287037037037037
3 0.2955729166666667 0.8606481481481482 0.013020833333333334 0.1212962962962963
6 0.2625 0.8199074074074074 0.020833333333333332 0.11388888888888889
0 0.41354166666666664 0.9324074074074075 0.013541666666666667 0.04814814814814815
0 0.46770833333333334 0.8324074074074075 0.011458333333333333 0.040740740740740744
0 0.4942708333333333 0.6685185185185185 0.010416666666666666 0.037037037037037035
0 0.5005208333333333 0.425462962962963 0.007291666666666667 0.026851851851851852
2 0.48333333333333334 0.46435185185185185 0.013541666666666667 0.01388888888888889
2 0.496875 0.5069444444444444 0.008333333333333333 0.01388888888888889
2 0.48515625 0.5578703703703703 0.019270833333333334 0.015740740740740743
2 0.4921875 0.6152777777777778 0.009375 0.026851851851851852
2 0.5026041666666666 0.750925925925926 0.022916666666666665 0.022222222222222223
7 0.5346354166666667 0.25324074074074077 0.03697916666666667 0.06944444444444445
