3 0.38958333333333334 0.3041666666666667 0.014583333333333334 0.062037037037037036
3 0.46067708333333335 0.26805555555555555 0.0109375 0.06018518518518519
4 0.44140625 0.27222222222222225 0.0109375 0.05555555555555556
6 0.4752604166666667 0.2537037037037037 0.013020833333333334 0.05925925925925926
0 0.4309895833333333 0.35000000000000003 0.0078125 0.02592592592592593
0 0.4583333333333333 0.32222222222222224 0.008333333333333333 0.024074074074074074
0 0.4822916666666667 0.300462962962963 0.007291666666666667 0.02314814814814815
0 0.49505208333333334 0.27824074074074073 0.0067708333333333336 0.02314814814814815
0 0.4940104166666667 0.25833333333333336 0.0067708333333333336 0.022222222222222223
0 0.4947916666666667 0.23935185185185187 0.005208333333333333 0.019444444444444445
0 0.49453125 0.22175925925925927 0.005729166666666666 0.017592592592592594
0 0.4940104166666667 0.20740740740740743 0.005729166666666666 0.018518518518518517
0 0.49453125 0.19351851851851853 0.005729166666666666 0.016666666666666666
0 0.49453125 0.17685185185185187 0.0067708333333333336 0.020370370370370372
7 0.515625 0.10092592592592593 0.025 0.040740740740740744
