3 0.39010416666666664 0.2939814814814815 0.011458333333333333 0.06018518518518519
3 0.46640624999999997 0.26157407407407407 0.011979166666666666 0.05462962962962963
4 0.44036458333333334 0.26435185185185184 0.0109375 0.05648148148148149
6 0.4752604166666667 0.2476851851851852 0.011979166666666666 0.06018518518518519
0 0.43255208333333334 0.33935185185185185 0.0067708333333333336 0.02314814814814815
0 0.4591145833333333 0.312962962962963 0.0067708333333333336 0.024074074074074074
0 0.4828125 0.29212962962962963 0.00625 0.021296296296296296
0 0.49453125 0.26851851851851855 0.005729166666666666 0.022222222222222223
7 0.5153645833333333 0.0976851851851852 0.0234375 0.04166666666666667
0 0.4940104166666667 0.25 0.0067708333333333336 0.018518518518518517
0 0.49453125 0.23287037037037037 0.005729166666666666 0.017592592592592594
0 0.49453125 0.2152777777777778 0.005729166666666666 0.017592592592592594
0 0.4940104166666667 0.20185185185185187 0.005729166666666666 0.016666666666666666
0 0.49453125 0.18796296296296297 0.005729166666666666 0.016666666666666666
0 0.4947916666666667 0.1712962962962963 0.00625 0.020370370370370372
