3 0.3546875 0.4444444444444445 0.01875 0.08148148148148149
3 0.44895833333333335 0.3939814814814815 0.01875 0.07685185185185185
6 0.4747395833333333 0.3337962962962963 0.0109375 0.0712962962962963
4 0.4341145833333333 0.3666666666666667 0.0140625 0.06851851851851852
0 0.4083333333333333 0.5101851851851852 0.011458333333333333 0.03518518518518519
0 0.4440104166666667 0.46851851851851856 0.0109375 0.03518518518518519
0 0.4752604166666667 0.4310185185185185 0.0109375 0.032407407407407406
0 0.4908854166666667 0.39490740740740743 0.0078125 0.028703703703703703
0 0.4903645833333333 0.36435185185185187 0.008854166666666666 0.026851851851851852
0 0.4908854166666667 0.3351851851851852 0.0078125 0.02592592592592593
0 0.4908854166666667 0.3092592592592593 0.0078125 0.024074074074074074
0 0.4895833333333333 0.2865740740740741 0.007291666666666667 0.021296296296296296
7 0.5158854166666667 0.14583333333333334 0.0296875 0.05462962962962963
