7 0.5151041666666667 0.12962962962962962 0.027083333333333334 0.04814814814814815
3 0.3658854166666667 0.3907407407407408 0.011979166666666666 0.07037037037037037
3 0.46458333333333335 0.34814814814814815 0.0125 0.06851851851851852
4 0.4348958333333333 0.3277777777777778 0.010416666666666666 0.06296296296296297
6 0.4765625 0.30462962962962964 0.011458333333333333 0.06481481481481481
0 0.4158854166666667 0.44953703703703707 0.0078125 0.028703703703703703
0 0.44765625 0.4134259259259259 0.008854166666666666 0.026851851851851852
0 0.4765625 0.3819444444444445 0.007291666666666667 0.025
0 0.49114583333333334 0.350462962962963 0.00625 0.025
0 0.4903645833333333 0.32453703703703707 0.0078125 0.025
0 0.490625 0.22083333333333335 0.005208333333333333 0.019444444444444445
0 0.4908854166666667 0.3 0.0067708333333333336 0.022222222222222223
0 0.490625 0.2777777777777778 0.005208333333333333 0.020370370370370372
0 0.4895833333333333 0.25787037037037036 0.004166666666666667 0.019444444444444445
0 0.490625 0.2388888888888889 0.005208333333333333 0.018518518518518517
