7 0.53203125 0.21435185185185185 0.033854166666666664 0.058333333333333334
0 0.5002604166666667 0.36203703703703705 0.008854166666666666 0.024074074074074074
0 0.49713541666666666 0.5546296296296297 0.009895833333333333 0.031481481481481485
0 0.4744791666666667 0.6759259259259259 0.011458333333333333 0.03888888888888889
0 0.42942708333333335 0.7467592592592592 0.011979166666666666 0.04351851851851852
0 0.37447916666666664 0.837962962962963 0.0125 0.044444444444444446
2 0.48541666666666666 0.39305555555555555 0.0125 0.010185185185185186
2 0.4981770833333333 0.42824074074074076 0.0078125 0.01388888888888889
2 0.4875 0.4689814814814815 0.016666666666666666 0.01388888888888889
2 0.49453125 0.5148148148148148 0.008854166666666666 0.020370370370370372
2 0.5049479166666666 0.6185185185185186 0.0203125 0.022222222222222223
6 0.2973958333333333 0.6597222222222222 0.021875 0.09907407407407408
3 0.315625 0.6847222222222222 0.013541666666666667 0.10462962962962963
3 0.3286458333333333 0.6912037037037038 0.0125 0.10092592592592593
