3 0.30963541666666666 0.5291666666666667 0.019270833333333334 0.08611111111111111
0 0.40130208333333334 0.575462962962963 0.009895833333333333 0.03425925925925926
0 0.44296874999999997 0.5226851851851853 0.009895833333333333 0.030555555555555558
0 0.47890625 0.4777777777777778 0.0078125 0.02962962962962963
0 0.49765624999999997 0.43703703703703706 0.0078125 0.02592592592592593
0 0.49765624999999997 0.40046296296296297 0.0078125 0.025
0 0.49973958333333335 0.3662037037037037 0.0078125 0.02314814814814815
0 0.5005208333333333 0.337037037037037 0.00625 0.022222222222222223
0 0.50078125 0.3111111111111111 0.0067708333333333336 0.020370370370370372
0 0.50234375 0.28703703703703703 0.005729166666666666 0.020370370370370372
0 0.503125 0.26435185185185184 0.00625 0.021296296296296296
5 0.4661458333333333 0.42638888888888893 0.015625 0.0787037037037037
3 0.42473958333333334 0.44212962962962965 0.013020833333333334 0.0787037037037037
4 0.43124999999999997 0.40046296296296297 0.013541666666666667 0.04537037037037037
7 0.5325520833333334 0.15231481481481482 0.03177083333333333 0.05277777777777778
