3 0.2760416666666667 0.6467592592592593 0.022916666666666665 0.09907407407407408
3 0.41770833333333335 0.5240740740740741 0.014583333333333334 0.08888888888888889
4 0.4236979166666667 0.4675925925925926 0.0140625 0.07962962962962963
5 0.4614583333333333 0.4791666666666667 0.017708333333333333 0.08611111111111111
0 0.38203125 0.7000000000000001 0.0109375 0.03888888888888889
0 0.43124999999999997 0.6300925925925926 0.010416666666666666 0.036111111111111115
0 0.47265625 0.5736111111111112 0.009895833333333333 0.032407407407407406
0 0.4942708333333333 0.5194444444444445 0.009375 0.031481481481481485
0 0.49453125 0.47361111111111115 0.0078125 0.026851851851851852
0 0.496875 0.4314814814814815 0.007291666666666667 0.02777777777777778
0 0.4979166666666667 0.39583333333333337 0.007291666666666667 0.02314814814814815
0 0.4984375 0.36388888888888893 0.00625 0.022222222222222223
0 0.5002604166666667 0.3351851851851852 0.0067708333333333336 0.022222222222222223
0 0.5013020833333334 0.30972222222222223 0.0067708333333333336 0.021296296296296296
7 0.5341145833333333 0.17962962962962964 0.03177083333333333 0.05555555555555556
