7 0.5221354166666666 0.12824074074074074 0.03177083333333333 0.05462962962962963
6 0.3567708333333333 0.3712962962962963 0.020833333333333332 0.07407407407407407
3 0.37109375 0.3837962962962963 0.011979166666666666 0.07314814814814816
0 0.49583333333333335 0.2212962962962963 0.00625 0.024074074074074074
0 0.4940104166666667 0.3300925925925926 0.0078125 0.025
0 0.4778645833333333 0.38981481481481484 0.009895833333333333 0.02962962962962963
0 0.44895833333333335 0.4222222222222222 0.010416666666666666 0.031481481481481485
0 0.4145833333333333 0.4615740740740741 0.009375 0.032407407407407406
2 0.48411458333333335 0.24166666666666667 0.0140625 0.012962962962962964
2 0.49374999999999997 0.26296296296296295 0.008333333333333333 0.016666666666666666
2 0.4864583333333333 0.2847222222222222 0.013541666666666667 0.01388888888888889
2 0.49140625 0.3087962962962963 0.008854166666666666 0.015740740740740743
2 0.49921875 0.36203703703703705 0.01614583333333333 0.022222222222222223
