0 0.43906249999999997 0.275 0.004166666666666667 0.018518518518518517
0 0.4614583333333333 0.25462962962962965 0.004166666666666667 0.016666666666666666
0 0.4828125 0.23750000000000002 0.005208333333333333 0.019444444444444445
0 0.4940104166666667 0.21944444444444444 0.0046875 0.016666666666666666
0 0.49322916666666666 0.20462962962962963 0.004166666666666667 0.014814814814814815
0 0.4927083333333333 0.1912037037037037 0.004166666666666667 0.01388888888888889
0 0.4940104166666667 0.17777777777777778 0.0046875 0.012962962962962964
0 0.4927083333333333 0.16435185185185186 0.005208333333333333 0.012037037037037037
0 0.4934895833333333 0.15231481481481482 0.005729166666666666 0.012037037037037037
0 0.4940104166666667 0.1388888888888889 0.0067708333333333336 0.012962962962962964
3 0.4635416666666667 0.21666666666666667 0.014583333333333334 0.05555555555555556
3 0.40208333333333335 0.23657407407407408 0.014583333333333334 0.05648148148148149
6 0.4783854166666667 0.19814814814814816 0.011979166666666666 0.053703703703703705
7 0.5140625 0.07453703703703704 0.02395833333333333 0.03796296296296296
