3 0.259375 0.701388888888889 0.02395833333333333 0.10462962962962963
3 0.41328125 0.5574074074074075 0.0171875 0.09074074074074075
5 0.4614583333333333 0.5069444444444444 0.017708333333333333 0.08796296296296297
4 0.42083333333333334 0.4939814814814815 0.016666666666666666 0.08055555555555556
0 0.3723958333333333 0.7601851851851852 0.010416666666666666 0.040740740740740744
0 0.42552083333333335 0.6800925925925926 0.010416666666666666 0.03796296296296296
0 0.46953125 0.6171296296296297 0.009895833333333333 0.03425925925925926
0 0.49244791666666665 0.5569444444444445 0.008854166666666666 0.032407407407407406
0 0.49296875 0.5064814814814815 0.0078125 0.02962962962962963
0 0.4953125 0.46111111111111114 0.007291666666666667 0.02592592592592593
0 0.4966145833333333 0.4222222222222222 0.0078125 0.024074074074074074
0 0.49713541666666666 0.3875 0.0067708333333333336 0.025
0 0.49947916666666664 0.35555555555555557 0.00625 0.022222222222222223
0 0.5 0.3287037037037037 0.005208333333333333 0.022222222222222223
7 0.5338541666666666 0.19074074074074074 0.03333333333333333 0.05925925925925926
