3 0.3953125 0.27361111111111114 0.011458333333333333 0.05648148148148149
4 0.44244791666666666 0.2476851851851852 0.0109375 0.05277777777777778
3 0.46640624999999997 0.24953703703703706 0.009895833333333333 0.05648148148148149
6 0.47682291666666665 0.22962962962962963 0.009895833333333333 0.05555555555555556
0 0.4348958333333333 0.31712962962962965 0.007291666666666667 0.02314814814814815
0 0.46067708333333335 0.29212962962962963 0.005729166666666666 0.02314814814814815
0 0.4830729166666667 0.27083333333333337 0.005729166666666666 0.021296296296296296
0 0.49505208333333334 0.2513888888888889 0.0046875 0.019444444444444445
0 0.4942708333333333 0.2351851851851852 0.004166666666666667 0.018518518518518517
0 0.49453125 0.16018518518518518 0.0046875 0.016666666666666666
0 0.49453125 0.17500000000000002 0.0036458333333333334 0.016666666666666666
0 0.49374999999999997 0.18888888888888888 0.004166666666666667 0.014814814814814815
0 0.4942708333333333 0.2013888888888889 0.004166666666666667 0.015740740740740743
0 0.49453125 0.21574074074074076 0.0046875 0.016666666666666666
7 0.5151041666666667 0.08981481481481482 0.02395833333333333 0.040740740740740744
