7 0.5236979166666667 0.13796296296296298 0.028645833333333332 0.05
6 0.353125 0.40740740740740744 0.015625 0.07222222222222223
3 0.37395833333333334 0.4222222222222222 0.0125 0.07592592592592592
0 0.496875 0.23981481481481481 0.009375 0.024074074074074074
0 0.4947916666666667 0.35879629629629634 0.008333333333333333 0.026851851851851852
0 0.4778645833333333 0.42453703703703705 0.0109375 0.032407407407407406
0 0.4466145833333333 0.4625 0.0109375 0.032407407407407406
0 0.41041666666666665 0.5050925925925926 0.011458333333333333 0.03796296296296296
2 0.4848958333333333 0.2625 0.014583333333333334 0.01388888888888889
2 0.49557291666666664 0.2828703703703704 0.008854166666666666 0.01388888888888889
2 0.48723958333333334 0.30694444444444446 0.015104166666666667 0.019444444444444445
2 0.49244791666666665 0.33472222222222225 0.009895833333333333 0.015740740740740743
2 0.5 0.3925925925925926 0.017708333333333333 0.018518518518518517
