3 0.26510416666666664 0.9282407407407408 0.014583333333333334 0.13425925925925927
3 0.28151041666666665 0.9356481481481482 0.01614583333333333 0.12685185185185185
6 0.24791666666666667 0.887962962962963 0.021875 0.11851851851851852
0 0.40703125 0.9916666666666667 0.009895833333333333 0.012962962962962964
0 0.46640624999999997 0.8976851851851853 0.01614583333333333 0.05092592592592593
0 0.49583333333333335 0.7157407407407408 0.010416666666666666 0.03888888888888889
0 0.5005208333333333 0.44953703703703707 0.007291666666666667 0.026851851851851852
2 0.48333333333333334 0.49259259259259264 0.014583333333333334 0.014814814814814815
2 0.49765624999999997 0.537962962962963 0.009895833333333333 0.016666666666666666
2 0.48463541666666665 0.5930555555555556 0.019270833333333334 0.017592592592592594
2 0.4921875 0.6569444444444444 0.011458333333333333 0.028703703703703703
2 0.50390625 0.8069444444444445 0.0234375 0.025
7 0.5364583333333334 0.26944444444444443 0.0375 0.06666666666666667
