3 0.25026041666666665 0.736574074074074 0.024479166666666666 0.10833333333333334
3 0.4125 0.576388888888889 0.016666666666666666 0.09166666666666667
5 0.4609375 0.5226851851851853 0.01875 0.08981481481481482
4 0.4205729166666667 0.5120370370370371 0.013020833333333334 0.08518518518518518
0 0.3677083333333333 0.7981481481481482 0.011458333333333333 0.040740740740740744
0 0.42265625 0.7106481481481481 0.0109375 0.04166666666666667
0 0.46875 0.6425925925925926 0.010416666666666666 0.037037037037037035
0 0.4921875 0.5796296296296296 0.009375 0.03333333333333333
0 0.49244791666666665 0.5259259259259259 0.008854166666666666 0.031481481481481485
0 0.4953125 0.47870370370370374 0.008333333333333333 0.02777777777777778
0 0.4966145833333333 0.43703703703703706 0.0078125 0.02592592592592593
0 0.49713541666666666 0.40046296296296297 0.0067708333333333336 0.025
0 0.49921875 0.3685185185185185 0.0067708333333333336 0.024074074074074074
0 0.5 0.33935185185185185 0.00625 0.021296296296296296
7 0.5338541666666666 0.19768518518518519 0.03333333333333333 0.058333333333333334
