3 0.3572916666666667 0.43194444444444446 0.019791666666666666 0.08055555555555556
0 0.40963541666666664 0.4967592592592593 0.011979166666666666 0.036111111111111115
0 0.44427083333333334 0.4532407407407408 0.009375 0.030555555555555558
0 0.4752604166666667 0.4185185185185185 0.0078125 0.02962962962962963
0 0.4901041666666667 0.3842592592592593 0.009375 0.02777777777777778
0 0.4890625 0.3550925925925926 0.010416666666666666 0.026851851851851852
0 0.4903645833333333 0.32685185185185184 0.008854166666666666 0.024074074074074074
0 0.4895833333333333 0.30185185185185187 0.007291666666666667 0.024074074074074074
0 0.4895833333333333 0.28101851851851856 0.008333333333333333 0.025
1 0.4895833333333333 0.2490740740740741 0.009375 0.04259259259259259
6 0.4747395833333333 0.32685185185185184 0.013020833333333334 0.06851851851851852
3 0.45208333333333334 0.3824074074074074 0.0125 0.07592592592592592
4 0.4328125 0.3574074074074074 0.015625 0.06851851851851852
7 0.5145833333333333 0.14305555555555557 0.029166666666666667 0.05462962962962963
