6 0.36171875 0.3592592592592593 0.0203125 0.07407407407407407
3 0.3859375 0.37083333333333335 0.0125 0.06944444444444445
7 0.5223958333333333 0.125 0.030208333333333334 0.044444444444444446
0 0.496875 0.21574074074074076 0.008333333333333333 0.020370370370370372
0 0.4953125 0.3180555555555556 0.007291666666666667 0.02314814814814815
0 0.48125 0.37592592592592594 0.010416666666666666 0.02777777777777778
0 0.45234375 0.4050925925925926 0.008854166666666666 0.028703703703703703
0 0.4197916666666667 0.4412037037037037 0.009375 0.032407407407407406
2 0.4864583333333333 0.23657407407407408 0.011458333333333333 0.012037037037037037
2 0.49583333333333335 0.25416666666666665 0.007291666666666667 0.01388888888888889
2 0.48932291666666666 0.27592592592592596 0.0140625 0.014814814814814815
2 0.4940104166666667 0.29814814814814816 0.0067708333333333336 0.016666666666666666
2 0.5002604166666667 0.3509259259259259 0.0140625 0.016666666666666666
