7 0.5361979166666666 0.28425925925925927 0.0453125 0.08518518518518518
4 0.3763020833333333 0.7611111111111112 0.0296875 0.10185185185185186
3 0.38359375 0.8810185185185185 0.0296875 0.13240740740740742
5 0.4432291666666667 0.7824074074074074 0.034375 0.13518518518518519
0 0.4796875 0.9398148148148149 0.015625 0.053703703703703705
0 0.48203124999999997 0.8236111111111112 0.013020833333333334 0.04537037037037037
0 0.4856770833333333 0.7347222222222223 0.013020833333333334 0.04166666666666667
0 0.4888020833333333 0.6560185185185186 0.013020833333333334 0.03981481481481482
0 0.48984374999999997 0.5930555555555556 0.0109375 0.03425925925925926
0 0.49244791666666665 0.538425925925926 0.009895833333333333 0.032407407407407406
0 0.4942708333333333 0.49074074074074076 0.010416666666666666 0.03333333333333333
