3 0.2869791666666667 0.6050925925925926 0.021875 0.09351851851851853
3 0.41770833333333335 0.4953703703703704 0.016666666666666666 0.08333333333333334
5 0.465625 0.4569444444444445 0.014583333333333334 0.08425925925925926
4 0.4236979166666667 0.4444444444444445 0.015104166666666667 0.07592592592592592
0 0.38828125 0.6560185185185186 0.009895833333333333 0.03425925925925926
0 0.43463541666666666 0.5916666666666667 0.009895833333333333 0.03333333333333333
0 0.47421874999999997 0.5393518518518519 0.008854166666666666 0.030555555555555558
0 0.4947916666666667 0.4898148148148148 0.008333333333333333 0.02962962962962963
0 0.49505208333333334 0.4481481481481482 0.0078125 0.02592592592592593
0 0.49765624999999997 0.40925925925925927 0.0078125 0.024074074074074074
0 0.4984375 0.375 0.007291666666666667 0.022222222222222223
0 0.49895833333333334 0.34444444444444444 0.007291666666666667 0.024074074074074074
0 0.5010416666666666 0.3180555555555556 0.00625 0.021296296296296296
0 0.5018229166666667 0.29444444444444445 0.0067708333333333336 0.020370370370370372
7 0.5333333333333333 0.16898148148148148 0.03125 0.05462962962962963
