3 0.45468749999999997 0.8523148148148149 0.027083333333333334 0.13796296296296298
4 0.42161458333333335 0.7069444444444445 0.0296875 0.11388888888888889
6 0.48854166666666665 0.5944444444444444 0.02395833333333333 0.11111111111111112
0 0.4903645833333333 0.962037037037037 0.0234375 0.05555555555555556
0 0.51640625 0.8449074074074074 0.015104166666666667 0.05462962962962963
0 0.5119791666666667 0.7518518518518519 0.0125 0.0462962962962963
0 0.5119791666666667 0.6736111111111112 0.016666666666666666 0.03796296296296296
0 0.5083333333333333 0.6050925925925926 0.009375 0.04166666666666667
0 0.5059895833333333 0.5518518518518519 0.0078125 0.037037037037037035
0 0.5065104166666666 0.5023148148148149 0.015104166666666667 0.030555555555555558
0 0.50390625 0.4569444444444445 0.011979166666666666 0.028703703703703703
0 0.53515625 0.27083333333333337 0.04635416666666667 0.08796296296296297
