7 0.5322916666666666 0.1550925925925926 0.03125 0.049074074074074076
3 0.30755208333333334 0.5305555555555556 0.021354166666666667 0.08518518518518518
5 0.46484375 0.4300925925925926 0.015104166666666667 0.0787037037037037
4 0.4205729166666667 0.40092592592592596 0.008854166666666666 0.031481481481481485
3 0.4239583333333333 0.44583333333333336 0.011458333333333333 0.075
0 0.3997395833333333 0.576388888888889 0.0078125 0.032407407407407406
0 0.44140625 0.5226851851851853 0.008854166666666666 0.028703703703703703
0 0.47760416666666666 0.47962962962962963 0.007291666666666667 0.02777777777777778
0 0.49635416666666665 0.43842592592592594 0.00625 0.025
0 0.49609375 0.40185185185185185 0.0078125 0.022222222222222223
0 0.4984375 0.3680555555555556 0.007291666666666667 0.02314814814814815
0 0.49921875 0.33842592592592596 0.0067708333333333336 0.02314814814814815
0 0.49947916666666664 0.3125 0.007291666666666667 0.02314814814814815
0 0.5013020833333334 0.28750000000000003 0.005729166666666666 0.019444444444444445
0 0.5020833333333333 0.2662037037037037 0.00625 0.019444444444444445
