0 0.43723958333333335 0.2976851851851852 0.0046875 0.021296296296296296
0 0.46171875 0.2763888888888889 0.0067708333333333336 0.019444444444444445
0 0.4828125 0.2569444444444445 0.00625 0.019444444444444445
0 0.4947916666666667 0.23796296296296296 0.004166666666666667 0.018518518518518517
0 0.4940104166666667 0.22175925925925927 0.0046875 0.015740740740740743
0 0.49322916666666666 0.20925925925925926 0.005208333333333333 0.014814814814814815
0 0.4940104166666667 0.19166666666666668 0.0046875 0.016666666666666666
0 0.4940104166666667 0.1787037037037037 0.0046875 0.012962962962962964
0 0.4940104166666667 0.16712962962962963 0.0046875 0.01388888888888889
0 0.4947916666666667 0.15324074074074073 0.003125 0.01388888888888889
3 0.4630208333333333 0.23472222222222222 0.009375 0.06018518518518519
3 0.3971354166666667 0.25601851851851853 0.01614583333333333 0.06018518518518519
6 0.4765625 0.21712962962962964 0.0125 0.05648148148148149
7 0.5151041666666667 0.08333333333333334 0.025 0.04259259259259259
