3 0.3859375 0.3148148148148148 0.013541666666666667 0.061111111111111116
3 0.46171875 0.2800925925925926 0.0109375 0.06018518518518519
4 0.44557291666666665 0.28055555555555556 0.011979166666666666 0.061111111111111116
6 0.47812499999999997 0.26203703703703707 0.0125 0.061111111111111116
0 0.42916666666666664 0.36342592592592593 0.008333333333333333 0.025
0 0.45677083333333335 0.33564814814814814 0.009375 0.025
0 0.48125 0.31157407407407406 0.007291666666666667 0.02314814814814815
0 0.49453125 0.28703703703703703 0.0067708333333333336 0.024074074074074074
0 0.4934895833333333 0.26712962962962966 0.005729166666666666 0.021296296296296296
0 0.49322916666666666 0.24675925925925926 0.00625 0.019444444444444445
0 0.49374999999999997 0.22916666666666669 0.007291666666666667 0.019444444444444445
0 0.49374999999999997 0.21481481481481482 0.005208333333333333 0.018518518518518517
0 0.49374999999999997 0.19861111111111113 0.005208333333333333 0.017592592592592594
0 0.4940104166666667 0.18333333333333335 0.005729166666666666 0.016666666666666666
7 0.51640625 0.10601851851851853 0.027604166666666666 0.04537037037037037
