6 0.3638020833333333 0.3611111111111111 0.018229166666666668 0.06851851851851852
3 0.38515625 0.37083333333333335 0.013020833333333334 0.06759259259259259
7 0.5216145833333333 0.12361111111111112 0.0296875 0.049074074074074076
0 0.4979166666666667 0.21574074074074076 0.008333333333333333 0.018518518518518517
0 0.4942708333333333 0.31851851851851853 0.009375 0.024074074074074074
0 0.48125 0.37592592592592594 0.011458333333333333 0.031481481481481485
0 0.453125 0.40694444444444444 0.010416666666666666 0.028703703703703703
0 0.41953124999999997 0.44351851851851853 0.0078125 0.031481481481481485
2 0.48515625 0.23703703703703705 0.0140625 0.014814814814814815
2 0.4953125 0.2537037037037037 0.008333333333333333 0.012962962962962964
2 0.48932291666666666 0.27731481481481485 0.01614583333333333 0.01388888888888889
2 0.49374999999999997 0.29814814814814816 0.009375 0.016666666666666666
2 0.5 0.350462962962963 0.015625 0.015740740740740743
