7 0.53203125 0.1537037037037037 0.0296875 0.053703703703703705
3 0.30859375 0.5282407407407408 0.0203125 0.08611111111111111
5 0.46380208333333334 0.4287037037037037 0.015104166666666667 0.07962962962962963
3 0.4244791666666667 0.4439814814814815 0.013541666666666667 0.07685185185185185
4 0.42265625 0.3990740740740741 0.0109375 0.031481481481481485
0 0.4002604166666667 0.575462962962963 0.009895833333333333 0.032407407407407406
0 0.4419270833333333 0.5212962962962964 0.008854166666666666 0.031481481481481485
0 0.47812499999999997 0.4777777777777778 0.009375 0.02962962962962963
0 0.496875 0.43703703703703706 0.008333333333333333 0.02592592592592593
0 0.496875 0.4 0.008333333333333333 0.024074074074074074
0 0.49895833333333334 0.3666666666666667 0.008333333333333333 0.022222222222222223
0 0.49947916666666664 0.3375 0.007291666666666667 0.021296296296296296
0 0.5002604166666667 0.3111111111111111 0.0067708333333333336 0.022222222222222223
0 0.5018229166666667 0.28703703703703703 0.0078125 0.020370370370370372
0 0.50234375 0.26435185185185184 0.005729166666666666 0.021296296296296296
