3 0.29453125 0.5796296296296296 0.0203125 0.09074074074074075
3 0.41822916666666665 0.47824074074074074 0.015625 0.08055555555555556
5 0.46458333333333335 0.4439814814814815 0.016666666666666666 0.0787037037037037
4 0.42942708333333335 0.4324074074074074 0.0140625 0.07407407407407407
0 0.3927083333333333 0.6291666666666667 0.009375 0.03425925925925926
0 0.43776041666666665 0.5685185185185185 0.009895833333333333 0.03333333333333333
0 0.47604166666666664 0.5194444444444445 0.009375 0.02962962962962963
0 0.49609375 0.47361111111111115 0.0078125 0.026851851851851852
0 0.49583333333333335 0.43194444444444446 0.007291666666666667 0.025
0 0.4986979166666667 0.39490740740740743 0.0078125 0.02314814814814815
0 0.49921875 0.362962962962963 0.0078125 0.024074074074074074
0 0.49973958333333335 0.33425925925925926 0.0067708333333333336 0.022222222222222223
0 0.5013020833333334 0.3074074074074074 0.0067708333333333336 0.020370370370370372
0 0.5026041666666666 0.28425925925925927 0.00625 0.020370370370370372
7 0.5333333333333333 0.16435185185185186 0.03125 0.05277777777777778
