3 0.2953125 0.7425925925925926 0.030208333333333334 0.11666666666666667
0 0.3677083333333333 0.8685185185185186 0.016666666666666666 0.05185185185185186
3 0.43776041666666665 0.6324074074074074 0.01614583333333333 0.10185185185185186
4 0.43854166666666666 0.5388888888888889 0.022916666666666665 0.08148148148148149
6 0.46770833333333334 0.47222222222222227 0.021875 0.1
7 0.5184895833333333 0.2087962962962963 0.0359375 0.07314814814814816
0 0.4203125 0.7703703703703704 0.020833333333333332 0.0462962962962963
0 0.4734375 0.6958333333333334 0.013541666666666667 0.04351851851851852
0 0.49322916666666666 0.6240740740740741 0.010416666666666666 0.031481481481481485
0 0.4921875 0.5675925925925926 0.010416666666666666 0.03333333333333333
0 0.4903645833333333 0.5106481481481482 0.0109375 0.025
0 0.4921875 0.46944444444444444 0.010416666666666666 0.02962962962962963
0 0.4895833333333333 0.43194444444444446 0.017708333333333333 0.030555555555555558
0 0.4921875 0.3944444444444445 0.009375 0.02777777777777778
0 0.4901041666666667 0.36064814814814816 0.015625 0.025
