4 0.42083333333333334 0.7398148148148148 0.028125 0.11481481481481481
3 0.45026041666666666 0.9013888888888889 0.0359375 0.13240740740740742
6 0.4890625 0.6212962962962963 0.02395833333333333 0.10555555555555556
7 0.5364583333333334 0.2814814814814815 0.03958333333333333 0.08148148148148149
0 0.5096354166666667 0.47824074074074074 0.0109375 0.03796296296296296
0 0.5083333333333333 0.5199074074074074 0.015625 0.030555555555555558
0 0.5091145833333334 0.5773148148148148 0.01614583333333333 0.03981481481481482
0 0.5140625 0.6337962962962963 0.016666666666666666 0.03796296296296296
0 0.5166666666666666 0.7064814814814815 0.010416666666666666 0.04259259259259259
0 0.5158854166666667 0.7930555555555556 0.0109375 0.05092592592592593
0 0.5234375 0.8930555555555556 0.013541666666666667 0.049074074074074076
