7 0.5369791666666667 0.2796296296296296 0.04895833333333333 0.08148148148148149
3 0.38567708333333334 0.8694444444444445 0.0203125 0.13148148148148148
4 0.38177083333333334 0.7527777777777778 0.03125 0.1
5 0.44505208333333335 0.7689814814814815 0.025520833333333333 0.1175925925925926
0 0.47994791666666664 0.9166666666666667 0.0140625 0.05
0 0.4825520833333333 0.8092592592592593 0.0140625 0.04259259259259259
0 0.48671875 0.7194444444444444 0.013020833333333334 0.040740740740740744
0 0.48854166666666665 0.6444444444444445 0.013541666666666667 0.037037037037037035
0 0.4895833333333333 0.5842592592592593 0.011458333333333333 0.03518518518518519
0 0.4947916666666667 0.48333333333333334 0.010416666666666666 0.031481481481481485
0 0.4927083333333333 0.5300925925925926 0.010416666666666666 0.030555555555555558
