0 0.49973958333333335 0.36342592592592593 0.008854166666666666 0.026851851851851852
0 0.4984375 0.39537037037037037 0.010416666666666666 0.02962962962962963
0 0.49635416666666665 0.4305555555555556 0.010416666666666666 0.02777777777777778
0 0.4953125 0.47175925925925927 0.011458333333333333 0.030555555555555558
0 0.4940104166666667 0.5175925925925926 0.013020833333333334 0.031481481481481485
0 0.4908854166666667 0.5703703703703704 0.013020833333333334 0.037037037037037035
0 0.490625 0.6333333333333333 0.015625 0.03888888888888889
0 0.4653645833333333 0.701388888888889 0.015104166666666667 0.04537037037037037
0 0.4161458333333333 0.7819444444444444 0.019791666666666666 0.049074074074074076
0 0.3541666666666667 0.8833333333333334 0.01875 0.053703703703703705
3 0.22786458333333334 0.8162037037037038 0.03802083333333333 0.12314814814814816
3 0.41119791666666666 0.6199074074074075 0.024479166666666666 0.10092592592592593
4 0.4145833333333333 0.5356481481481482 0.020833333333333332 0.05462962962962963
5 0.46041666666666664 0.5587962962962963 0.025 0.09537037037037037
7 0.5346354166666667 0.20694444444444446 0.04114583333333333 0.06759259259259259
