3 0.2640625 0.9490740740740741 0.040625 0.1
3 0.4473958333333333 0.8 0.034375 0.13518518518518519
4 0.4239583333333333 0.6675925925925926 0.027083333333333334 0.11666666666666667
4 0.48333333333333334 0.5708333333333333 0.022916666666666665 0.11018518518518519
7 0.5302083333333333 0.2564814814814815 0.046875 0.08888888888888889
0 0.48411458333333335 0.8912037037037037 0.0171875 0.04722222222222222
0 0.5096354166666667 0.7925925925925926 0.01614583333333333 0.05
0 0.5052083333333334 0.7027777777777778 0.014583333333333334 0.0462962962962963
0 0.5072916666666667 0.6416666666666667 0.015625 0.04259259259259259
0 0.5033854166666667 0.5708333333333333 0.01614583333333333 0.032407407407407406
0 0.5028645833333333 0.5259259259259259 0.0109375 0.03333333333333333
0 0.5015625 0.48194444444444445 0.009375 0.03796296296296296
0 0.50078125 0.4337962962962963 0.011979166666666666 0.028703703703703703
