7 0.5158854166666667 0.12222222222222223 0.027604166666666666 0.0462962962962963
3 0.37395833333333334 0.36435185185185187 0.014583333333333334 0.06574074074074074
0 0.42161458333333335 0.4189814814814815 0.008854166666666666 0.025
0 0.4515625 0.38472222222222224 0.008333333333333333 0.026851851851851852
0 0.4791666666666667 0.35555555555555557 0.008333333333333333 0.02592592592592593
4 0.440625 0.30972222222222223 0.010416666666666666 0.0638888888888889
6 0.4791666666666667 0.29074074074074074 0.010416666666666666 0.061111111111111116
3 0.4614583333333333 0.3236111111111111 0.0125 0.0638888888888889
0 0.49322916666666666 0.32916666666666666 0.00625 0.02314814814814815
0 0.4921875 0.3041666666666667 0.00625 0.021296296296296296
0 0.49244791666666665 0.2814814814814815 0.0067708333333333336 0.020370370370370372
0 0.49192708333333335 0.2606481481481482 0.0067708333333333336 0.019444444444444445
0 0.49192708333333335 0.24120370370370373 0.005729166666666666 0.019444444444444445
0 0.4921875 0.22361111111111112 0.00625 0.017592592592592594
0 0.49244791666666665 0.20833333333333334 0.0067708333333333336 0.022222222222222223
