7 0.5315104166666667 0.20833333333333334 0.034895833333333334 0.06296296296296297
0 0.49947916666666664 0.34861111111111115 0.007291666666666667 0.02314814814814815
0 0.4966145833333333 0.5337962962962963 0.008854166666666666 0.032407407407407406
0 0.4747395833333333 0.6467592592592593 0.0109375 0.03981481481481482
0 0.4315104166666667 0.7125 0.0109375 0.04166666666666667
0 0.37916666666666665 0.7976851851851852 0.013541666666666667 0.04351851851851852
2 0.48515625 0.3805555555555556 0.013020833333333334 0.014814814814814815
2 0.4981770833333333 0.4134259259259259 0.005729166666666666 0.01388888888888889
2 0.48723958333333334 0.4518518518518519 0.018229166666666668 0.012962962962962964
2 0.49374999999999997 0.49444444444444446 0.008333333333333333 0.022222222222222223
2 0.5033854166666667 0.5935185185185186 0.018229166666666668 0.016666666666666666
6 0.303125 0.6305555555555555 0.02395833333333333 0.10555555555555556
3 0.3221354166666667 0.6550925925925927 0.013020833333333334 0.10092592592592593
3 0.3338541666666667 0.6625 0.011458333333333333 0.09907407407407408
