3 0.2791666666666667 0.8087962962962963 0.041666666666666664 0.12685185185185185
3 0.4354166666666667 0.6782407407407408 0.01875 0.11574074074074074
4 0.4328125 0.5837962962962964 0.027083333333333334 0.10462962962962963
6 0.4734375 0.5083333333333333 0.017708333333333333 0.10555555555555556
7 0.52265625 0.23055555555555557 0.03802083333333333 0.07037037037037037
0 0.36354166666666665 0.9564814814814815 0.014583333333333334 0.05740740740740741
0 0.4197916666666667 0.8393518518518519 0.014583333333333334 0.049074074074074076
0 0.4708333333333333 0.7564814814814815 0.011458333333333333 0.05555555555555556
0 0.4947916666666667 0.6694444444444445 0.016666666666666666 0.044444444444444446
0 0.4901041666666667 0.611574074074074 0.0125 0.04351851851851852
0 0.49166666666666664 0.5041666666666667 0.010416666666666666 0.03981481481481482
0 0.4921875 0.5560185185185186 0.010416666666666666 0.04537037037037037
0 0.49140625 0.45972222222222225 0.013020833333333334 0.03981481481481482
0 0.4908854166666667 0.4217592592592593 0.0046875 0.025
0 0.4921875 0.3856481481481482 0.009375 0.030555555555555558
