7 0.53828125 0.28611111111111115 0.0390625 0.06666666666666667
0 0.5005208333333333 0.47731481481481486 0.009375 0.026851851851851852
0 0.49583333333333335 0.7666666666666667 0.010416666666666666 0.040740740740740744
0 0.46510416666666665 0.9726851851851852 0.013541666666666667 0.049074074074074076
2 0.5046875 0.8680555555555556 0.026041666666666668 0.02314814814814815
2 0.49322916666666666 0.7018518518518518 0.009375 0.02777777777777778
2 0.48515625 0.6300925925925926 0.0203125 0.017592592592592594
2 0.4979166666666667 0.5703703703703704 0.009375 0.018518518518518517
2 0.48333333333333334 0.5208333333333334 0.015625 0.01388888888888889
6 0.23072916666666665 0.9453703703703704 0.025 0.09814814814814815
3 0.2513020833333333 0.9689814814814816 0.015104166666666667 0.05648148148148149
3 0.2682291666666667 0.9726851851851852 0.016666666666666666 0.05092592592592593
