0 0.43854166666666666 0.2740740740740741 0.004166666666666667 0.018518518518518517
0 0.4622395833333333 0.2555555555555556 0.005729166666666666 0.018518518518518517
0 0.4828125 0.23750000000000002 0.00625 0.019444444444444445
0 0.4940104166666667 0.2199074074074074 0.0046875 0.019444444444444445
0 0.4934895833333333 0.20555555555555557 0.005729166666666666 0.012962962962962964
0 0.4934895833333333 0.19074074074074074 0.005729166666666666 0.014814814814814815
0 0.49322916666666666 0.1763888888888889 0.00625 0.017592592592592594
0 0.4934895833333333 0.16203703703703703 0.005729166666666666 0.012962962962962964
0 0.4927083333333333 0.15231481481481482 0.005208333333333333 0.012037037037037037
0 0.4927083333333333 0.13842592592592592 0.005208333333333333 0.017592592592592594
3 0.4640625 0.2175925925925926 0.010416666666666666 0.05555555555555556
3 0.4015625 0.23796296296296296 0.013541666666666667 0.05555555555555556
6 0.4765625 0.20046296296296298 0.013541666666666667 0.05277777777777778
7 0.5145833333333333 0.07546296296296297 0.022916666666666665 0.03981481481481482
