3 0.34713541666666664 0.48194444444444445 0.022395833333333334 0.08796296296296297
3 0.4484375 0.4240740740740741 0.015625 0.08148148148148149
6 0.4734375 0.34953703703703703 0.017708333333333333 0.0712962962962963
4 0.42526041666666664 0.39351851851851855 0.0203125 0.07592592592592592
0 0.40390624999999997 0.5564814814814815 0.013020833333333334 0.03518518518518519
0 0.44296874999999997 0.5074074074074074 0.011979166666666666 0.03518518518518519
0 0.47604166666666664 0.46620370370370373 0.011458333333333333 0.036111111111111115
0 0.4921875 0.4287037037037037 0.010416666666666666 0.02962962962962963
0 0.49166666666666664 0.36064814814814816 0.008333333333333333 0.026851851851851852
0 0.4903645833333333 0.3074074074074074 0.0078125 0.02592592592592593
0 0.4908854166666667 0.26157407407407407 0.008854166666666666 0.025
7 0.5166666666666666 0.15694444444444444 0.03229166666666666 0.06018518518518519
