6 0.3359375 0.47175925925925927 0.020833333333333332 0.07685185185185185
3 0.3536458333333333 0.48703703703703705 0.0125 0.08703703703703704
3 0.36171875 0.4902777777777778 0.011979166666666666 0.08055555555555556
0 0.40234375 0.587037037037037 0.008854166666666666 0.031481481481481485
0 0.44244791666666666 0.5328703703703704 0.009895833333333333 0.028703703703703703
0 0.47812499999999997 0.48842592592592593 0.008333333333333333 0.030555555555555558
2 0.5018229166666667 0.4513888888888889 0.015104166666666667 0.01388888888888889
0 0.49557291666666664 0.4087962962962963 0.0067708333333333336 0.026851851851851852
0 0.4984375 0.2740740740740741 0.005208333333333333 0.020370370370370372
2 0.4848958333333333 0.29953703703703705 0.011458333333333333 0.008333333333333333
2 0.49635416666666665 0.32222222222222224 0.005208333333333333 0.009259259259259259
2 0.4869791666666667 0.350462962962963 0.013541666666666667 0.010185185185185186
2 0.4934895833333333 0.3837962962962963 0.0067708333333333336 0.015740740740740743
7 0.5263020833333333 0.1615740740740741 0.0296875 0.05648148148148149
