7 0.515625 0.12407407407407407 0.027083333333333334 0.04814814814814815
3 0.3723958333333333 0.3712962962962963 0.0125 0.06666666666666667
3 0.46328125 0.33055555555555555 0.0140625 0.06481481481481481
4 0.4380208333333333 0.3138888888888889 0.0125 0.06296296296296297
6 0.4778645833333333 0.29305555555555557 0.011979166666666666 0.062037037037037036
0 0.4197916666666667 0.42685185185185187 0.008333333333333333 0.02777777777777778
0 0.4505208333333333 0.3925925925925926 0.008333333333333333 0.02592592592592593
0 0.4786458333333333 0.3625 0.007291666666666667 0.025
0 0.4927083333333333 0.33472222222222225 0.007291666666666667 0.025
0 0.49140625 0.3087962962962963 0.0067708333333333336 0.02314814814814815
0 0.4921875 0.2865740740740741 0.007291666666666667 0.021296296296296296
0 0.49192708333333335 0.2652777777777778 0.0067708333333333336 0.019444444444444445
0 0.49166666666666664 0.24629629629629632 0.007291666666666667 0.018518518518518517
0 0.49166666666666664 0.22870370370370371 0.00625 0.018518518518518517
0 0.49166666666666664 0.2111111111111111 0.00625 0.020370370370370372
