3 0.3559895833333333 0.4351851851851852 0.0203125 0.08148148148148149
0 0.40963541666666664 0.5013888888888889 0.011979166666666666 0.03796296296296296
0 0.44479166666666664 0.45787037037037037 0.011458333333333333 0.032407407407407406
0 0.4752604166666667 0.4226851851851852 0.008854166666666666 0.028703703703703703
0 0.4908854166666667 0.3888888888888889 0.0078125 0.02777777777777778
0 0.4895833333333333 0.3578703703703704 0.007291666666666667 0.025
0 0.4901041666666667 0.33055555555555555 0.009375 0.02592592592592593
0 0.4895833333333333 0.3041666666666667 0.008333333333333333 0.02314814814814815
0 0.4895833333333333 0.28194444444444444 0.009375 0.02314814814814815
1 0.4903645833333333 0.25277777777777777 0.0078125 0.044444444444444446
6 0.4752604166666667 0.3282407407407408 0.0140625 0.0712962962962963
3 0.4515625 0.3856481481481482 0.013541666666666667 0.075
4 0.4328125 0.3592592592592593 0.014583333333333334 0.07037037037037037
7 0.5153645833333333 0.1439814814814815 0.028645833333333332 0.05277777777777778
