3 0.35651041666666666 0.42638888888888893 0.019270833333333334 0.08055555555555556
0 0.41015625 0.4916666666666667 0.009895833333333333 0.03518518518518519
0 0.44453125 0.45 0.009895833333333333 0.031481481481481485
0 0.4752604166666667 0.4152777777777778 0.009895833333333333 0.028703703703703703
0 0.4903645833333333 0.3814814814814815 0.0078125 0.02962962962962963
0 0.4895833333333333 0.3527777777777778 0.010416666666666666 0.02592592592592593
0 0.4895833333333333 0.3231481481481482 0.008333333333333333 0.02777777777777778
0 0.4895833333333333 0.2990740740740741 0.008333333333333333 0.024074074074074074
0 0.4890625 0.27592592592592596 0.007291666666666667 0.022222222222222223
0 0.4903645833333333 0.2569444444444445 0.0078125 0.021296296296296296
0 0.4903645833333333 0.23935185185185187 0.0078125 0.025
6 0.4747395833333333 0.3236111111111111 0.013020833333333334 0.06944444444444445
3 0.45260416666666664 0.3805555555555556 0.0125 0.07592592592592592
4 0.4315104166666667 0.35462962962962963 0.0171875 0.06851851851851852
7 0.5145833333333333 0.14120370370370372 0.029166666666666667 0.05277777777777778
