3 0.37838541666666664 0.3453703703703704 0.015104166666666667 0.06666666666666667
3 0.46380208333333334 0.30972222222222223 0.0109375 0.06574074074074074
4 0.440625 0.3013888888888889 0.011458333333333333 0.06018518518518519
6 0.47890625 0.28055555555555556 0.011979166666666666 0.061111111111111116
0 0.42473958333333334 0.39814814814814814 0.0067708333333333336 0.024074074074074074
0 0.45390625 0.3666666666666667 0.0078125 0.024074074074074074
0 0.49244791666666665 0.19953703703703704 0.0067708333333333336 0.021296296296296296
0 0.49296875 0.21712962962962964 0.005729166666666666 0.017592592592592594
0 0.4921875 0.23148148148148148 0.00625 0.018518518518518517
0 0.49296875 0.2490740740740741 0.0067708333333333336 0.020370370370370372
0 0.4927083333333333 0.26944444444444443 0.007291666666666667 0.020370370370370372
0 0.4927083333333333 0.29074074074074074 0.00625 0.024074074074074074
0 0.4942708333333333 0.31203703703703706 0.00625 0.024074074074074074
0 0.48020833333333335 0.33981481481481485 0.008333333333333333 0.024074074074074074
7 0.515625 0.11666666666666667 0.025 0.044444444444444446
