3 0.3541666666666667 0.45416666666666666 0.017708333333333333 0.08240740740740742
4 0.43645833333333334 0.3731481481481482 0.011458333333333333 0.07407407407407407
6 0.47604166666666664 0.3375 0.011458333333333333 0.06944444444444445
3 0.4510416666666667 0.40046296296296297 0.015625 0.07685185185185185
0 0.40781249999999997 0.5203703703703704 0.010416666666666666 0.03518518518518519
0 0.4440104166666667 0.4763888888888889 0.0109375 0.032407407407407406
0 0.4752604166666667 0.4388888888888889 0.009895833333333333 0.031481481481481485
0 0.4921875 0.40324074074074073 0.009375 0.026851851851851852
0 0.4908854166666667 0.37083333333333335 0.008854166666666666 0.026851851851851852
0 0.49140625 0.34074074074074073 0.008854166666666666 0.02592592592592593
0 0.4908854166666667 0.3143518518518519 0.0078125 0.025
0 0.4908854166666667 0.29212962962962963 0.0078125 0.025
0 0.4908854166666667 0.25092592592592594 0.0067708333333333336 0.022222222222222223
0 0.4908854166666667 0.27083333333333337 0.0078125 0.021296296296296296
7 0.5158854166666667 0.14953703703703705 0.0296875 0.05462962962962963
