0 0.43776041666666665 0.287962962962963 0.0046875 0.022222222222222223
0 0.4614583333333333 0.26666666666666666 0.005208333333333333 0.016666666666666666
0 0.48333333333333334 0.2490740740740741 0.004166666666666667 0.018518518518518517
0 0.4947916666666667 0.22962962962962963 0.004166666666666667 0.014814814814814815
0 0.4940104166666667 0.21342592592592594 0.005729166666666666 0.017592592592592594
0 0.4953125 0.2 0.005208333333333333 0.014814814814814815
0 0.4947916666666667 0.18425925925925926 0.005208333333333333 0.016666666666666666
0 0.4940104166666667 0.16990740740740742 0.005729166666666666 0.012037037037037037
0 0.4940104166666667 0.15787037037037038 0.0046875 0.012037037037037037
0 0.4940104166666667 0.14444444444444446 0.0046875 0.012962962962962964
3 0.4640625 0.22731481481481483 0.013541666666666667 0.05648148148148149
3 0.3989583333333333 0.2476851851851852 0.014583333333333334 0.06018518518518519
6 0.47760416666666666 0.20740740740740743 0.011458333333333333 0.053703703703703705
7 0.5151041666666667 0.0787037037037037 0.025 0.044444444444444446
