0 0.43645833333333334 0.2814814814814815 0.005208333333333333 0.020370370370370372
0 0.4609375 0.2625 0.005208333333333333 0.019444444444444445
0 0.48151041666666666 0.24351851851851852 0.0046875 0.018518518518518517
0 0.4927083333333333 0.2263888888888889 0.004166666666666667 0.017592592592592594
0 0.4921875 0.2101851851851852 0.005208333333333333 0.016666666666666666
0 0.4921875 0.2 0.003125 0.014814814814814815
0 0.4921875 0.18472222222222223 0.004166666666666667 0.012037037037037037
0 0.4921875 0.1712962962962963 0.005208333333333333 0.012962962962962964
0 0.4927083333333333 0.1574074074074074 0.005208333333333333 0.012962962962962964
0 0.4921875 0.1476851851851852 0.004166666666666667 0.012037037037037037
3 0.4002604166666667 0.2425925925925926 0.0140625 0.05555555555555556
3 0.4614583333333333 0.22453703703703703 0.010416666666666666 0.05277777777777778
3 0.44036458333333334 0.2300925925925926 0.008854166666666666 0.04537037037037037
6 0.4752604166666667 0.2138888888888889 0.009895833333333333 0.053703703703703705
7 0.5127604166666666 0.08101851851851852 0.0234375 0.03981481481481482
