3 0.225 0.8337962962962964 0.03854166666666667 0.13055555555555556
3 0.41119791666666666 0.6328703703703704 0.025520833333333333 0.09907407407407408
7 0.5364583333333334 0.21851851851851853 0.040625 0.07222222222222223
0 0.5 0.3685185185185185 0.009375 0.02777777777777778
0 0.4979166666666667 0.40046296296296297 0.010416666666666666 0.026851851851851852
0 0.49557291666666664 0.4365740740740741 0.0109375 0.030555555555555558
0 0.49505208333333334 0.47824074074074074 0.013020833333333334 0.032407407407407406
0 0.4908854166666667 0.5800925925925926 0.011979166666666666 0.04166666666666667
0 0.49114583333333334 0.6416666666666667 0.016666666666666666 0.044444444444444446
0 0.46432291666666664 0.7138888888888889 0.01614583333333333 0.040740740740740744
4 0.4114583333333333 0.5476851851851852 0.02395833333333333 0.06574074074074074
5 0.4591145833333333 0.5685185185185185 0.0296875 0.10370370370370371
0 0.4153645833333333 0.7949074074074074 0.021354166666666667 0.05462962962962963
0 0.35182291666666665 0.8990740740740741 0.022395833333333334 0.053703703703703705
