3 0.278125 0.637962962962963 0.022916666666666665 0.09814814814814815
3 0.41796875 0.5185185185185185 0.0140625 0.08703703703703704
4 0.4236979166666667 0.46296296296296297 0.015104166666666667 0.07592592592592592
5 0.46197916666666666 0.475462962962963 0.017708333333333333 0.08611111111111111
0 0.3833333333333333 0.6921296296296297 0.010416666666666666 0.036111111111111115
0 0.4317708333333333 0.6226851851851852 0.010416666666666666 0.036111111111111115
0 0.47265625 0.5657407407407408 0.009895833333333333 0.03333333333333333
0 0.49453125 0.513888888888889 0.008854166666666666 0.02962962962962963
0 0.49453125 0.4675925925925926 0.0078125 0.02962962962962963
0 0.49713541666666666 0.4277777777777778 0.0078125 0.02592592592592593
0 0.49765624999999997 0.39212962962962966 0.0078125 0.025
0 0.4984375 0.3611111111111111 0.007291666666666667 0.022222222222222223
0 0.5002604166666667 0.3314814814814815 0.0067708333333333336 0.022222222222222223
0 0.5010416666666666 0.30648148148148147 0.00625 0.020370370370370372
7 0.5330729166666667 0.17777777777777778 0.03177083333333333 0.053703703703703705
