3 0.3182291666666667 0.6680555555555556 0.014583333333333334 0.11018518518518519
3 0.33125 0.6759259259259259 0.0125 0.10185185185185186
6 0.30078125 0.6476851851851853 0.0203125 0.09537037037037037
0 0.3776041666666667 0.8180555555555555 0.010416666666666666 0.04537037037037037
0 0.43072916666666666 0.7305555555555556 0.011458333333333333 0.03888888888888889
0 0.4752604166666667 0.6611111111111111 0.009895833333333333 0.03888888888888889
0 0.49635416666666665 0.5439814814814815 0.010416666666666666 0.030555555555555558
0 0.5002604166666667 0.3541666666666667 0.0078125 0.025
2 0.48541666666666666 0.3875 0.0125 0.01388888888888889
2 0.4979166666666667 0.4203703703703704 0.007291666666666667 0.014814814814814815
2 0.4875 0.46064814814814814 0.014583333333333334 0.01388888888888889
2 0.4940104166666667 0.5050925925925926 0.0078125 0.02314814814814815
2 0.5036458333333333 0.6050925925925926 0.019791666666666666 0.02314814814814815
7 0.5317708333333333 0.21064814814814817 0.034375 0.062037037037037036
