3 0.3958333333333333 0.27222222222222225 0.0125 0.05740740740740741
4 0.44296874999999997 0.24537037037037038 0.009895833333333333 0.053703703703703705
3 0.465625 0.24953703703703706 0.009375 0.058333333333333334
6 0.47682291666666665 0.22962962962962963 0.009895833333333333 0.05740740740740741
0 0.4359375 0.3148148148148148 0.005208333333333333 0.022222222222222223
0 0.46119791666666665 0.29120370370370374 0.0046875 0.019444444444444445
0 0.48333333333333334 0.27037037037037037 0.00625 0.024074074074074074
0 0.49505208333333334 0.2518518518518519 0.0046875 0.018518518518518517
0 0.4942708333333333 0.23472222222222222 0.004166666666666667 0.021296296296296296
0 0.49453125 0.2162037037037037 0.0046875 0.019444444444444445
0 0.49453125 0.20231481481481484 0.0036458333333333334 0.017592592592592594
0 0.4942708333333333 0.18796296296296297 0.003125 0.016666666666666666
0 0.49453125 0.17500000000000002 0.0046875 0.016666666666666666
0 0.4947916666666667 0.15972222222222224 0.004166666666666667 0.019444444444444445
7 0.515625 0.08981481481481482 0.021875 0.040740740740740744
