7 0.5348958333333333 0.22083333333333335 0.040625 0.07685185185185185
3 0.21536458333333333 0.8643518518518519 0.033854166666666664 0.125
3 0.4127604166666667 0.6472222222222223 0.0234375 0.10555555555555556
5 0.46119791666666665 0.5847222222222223 0.030729166666666665 0.11203703703703705
4 0.4080729166666667 0.5587962962962963 0.0234375 0.06018518518518519
0 0.49947916666666664 0.3768518518518519 0.010416666666666666 0.02777777777777778
0 0.4981770833333333 0.41064814814814815 0.008854166666666666 0.028703703703703703
0 0.4953125 0.4481481481481482 0.009375 0.031481481481481485
0 0.4942708333333333 0.48935185185185187 0.011458333333333333 0.030555555555555558
0 0.49374999999999997 0.5407407407407407 0.009375 0.03333333333333333
0 0.4903645833333333 0.5958333333333333 0.011979166666666666 0.03425925925925926
0 0.490625 0.6620370370370371 0.014583333333333334 0.03888888888888889
0 0.46510416666666665 0.7375 0.0125 0.04537037037037037
0 0.4119791666666667 0.8236111111111112 0.016666666666666666 0.04722222222222222
0 0.3484375 0.9342592592592593 0.014583333333333334 0.05185185185185186
