7 0.52734375 0.16712962962962963 0.027604166666666666 0.05648148148148149
6 0.3338541666666667 0.48935185185185187 0.01875 0.08240740740740742
3 0.35 0.5074074074074074 0.013541666666666667 0.08518518518518518
3 0.3580729166666667 0.5101851851851852 0.011979166666666666 0.07962962962962963
0 0.4002604166666667 0.6125 0.008854166666666666 0.032407407407407406
0 0.4419270833333333 0.5541666666666667 0.008854166666666666 0.032407407407407406
0 0.47812499999999997 0.5064814814814815 0.008333333333333333 0.03333333333333333
0 0.49557291666666664 0.425 0.0078125 0.02592592592592593
0 0.4986979166666667 0.2833333333333333 0.0046875 0.022222222222222223
2 0.48515625 0.3092592592592593 0.011979166666666666 0.011111111111111112
2 0.49713541666666666 0.33472222222222225 0.005729166666666666 0.012037037037037037
2 0.4875 0.36388888888888893 0.013541666666666667 0.011111111111111112
2 0.4940104166666667 0.39722222222222225 0.0067708333333333336 0.016666666666666666
2 0.5026041666666666 0.46944444444444444 0.016666666666666666 0.016666666666666666
