0 0.45286458333333335 0.9458333333333334 0.015104166666666667 0.05277777777777778
0 0.48541666666666666 0.8282407407407407 0.011458333333333333 0.04166666666666667
0 0.4856770833333333 0.737037037037037 0.011979166666666666 0.040740740740740744
0 0.48984374999999997 0.6601851851851852 0.0140625 0.03888888888888889
0 0.490625 0.5939814814814816 0.011458333333333333 0.03796296296296296
0 0.49244791666666665 0.5398148148148149 0.009895833333333333 0.02962962962962963
0 0.4953125 0.49212962962962964 0.010416666666666666 0.028703703703703703
0 0.49609375 0.45046296296296295 0.0109375 0.026851851851851852
3 0.39791666666666664 0.7939814814814815 0.021875 0.12314814814814816
4 0.39036458333333335 0.687962962962963 0.021354166666666667 0.08333333333333334
5 0.45390625 0.7083333333333334 0.022395833333333334 0.10925925925925926
7 0.5364583333333334 0.2606481481481482 0.03958333333333333 0.07314814814814816
