3 0.3515625 0.46851851851851856 0.021875 0.08333333333333334
0 0.40703125 0.5416666666666667 0.009895833333333333 0.03333333333333333
0 0.4440104166666667 0.49444444444444446 0.0109375 0.031481481481481485
0 0.4765625 0.45416666666666666 0.010416666666666666 0.03425925925925926
0 0.4927083333333333 0.4185185185185185 0.009375 0.02962962962962963
0 0.4908854166666667 0.38287037037037036 0.0078125 0.026851851851851852
0 0.4921875 0.3527777777777778 0.007291666666666667 0.02592592592592593
0 0.49140625 0.32546296296296295 0.009895833333333333 0.026851851851851852
0 0.4908854166666667 0.3023148148148148 0.008854166666666666 0.02314814814814815
0 0.49140625 0.28055555555555556 0.008854166666666666 0.024074074074074074
0 0.49166666666666664 0.25787037037037036 0.007291666666666667 0.02314814814814815
6 0.47604166666666664 0.3453703703703704 0.013541666666666667 0.07407407407407407
3 0.4479166666666667 0.41435185185185186 0.016666666666666666 0.07685185185185185
4 0.4302083333333333 0.3851851851851852 0.014583333333333334 0.07222222222222223
7 0.5171875 0.15555555555555556 0.030208333333333334 0.05555555555555556
