0 0.38046875 0.7773148148148148 0.011979166666666666 0.04537037037037037
3 0.30963541666666666 0.6717592592592593 0.0265625 0.11574074074074074
0 0.4283854166666667 0.6935185185185185 0.0203125 0.04259259259259259
0 0.47291666666666665 0.6296296296296297 0.016666666666666666 0.02777777777777778
0 0.49166666666666664 0.5703703703703704 0.009375 0.02592592592592593
0 0.4921875 0.5199074074074074 0.016666666666666666 0.03796296296296296
0 0.4927083333333333 0.47222222222222227 0.015625 0.040740740740740744
0 0.4921875 0.4314814814814815 0.014583333333333334 0.024074074074074074
0 0.4908854166666667 0.3976851851851852 0.0109375 0.028703703703703703
0 0.4908854166666667 0.36342592592592593 0.0078125 0.019444444444444445
0 0.49140625 0.33935185185185185 0.008854166666666666 0.025
3 0.43854166666666666 0.5750000000000001 0.019791666666666666 0.08518518518518518
4 0.4354166666666667 0.4916666666666667 0.022916666666666665 0.08148148148148149
6 0.47161458333333334 0.4398148148148148 0.0140625 0.08888888888888889
7 0.5190104166666667 0.20416666666666666 0.04114583333333333 0.06944444444444445
