3 0.35260416666666666 0.4625 0.017708333333333333 0.08055555555555556
0 0.40781249999999997 0.5324074074074074 0.011458333333333333 0.03518518518518519
0 0.4440104166666667 0.487962962962963 0.0109375 0.031481481481481485
0 0.4765625 0.44907407407407407 0.010416666666666666 0.031481481481481485
0 0.4927083333333333 0.4115740740740741 0.009375 0.028703703703703703
0 0.4908854166666667 0.37962962962962965 0.009895833333333333 0.02777777777777778
0 0.49166666666666664 0.34953703703703703 0.011458333333333333 0.028703703703703703
0 0.4908854166666667 0.32222222222222224 0.0078125 0.024074074074074074
0 0.4908854166666667 0.2976851851851852 0.008854166666666666 0.02314814814814815
0 0.4908854166666667 0.2555555555555556 0.0078125 0.024074074074074074
0 0.4908854166666667 0.2763888888888889 0.0078125 0.021296296296296296
7 0.5166666666666666 0.1537037037037037 0.029166666666666667 0.05555555555555556
6 0.4765625 0.34444444444444444 0.011458333333333333 0.07037037037037037
3 0.45026041666666666 0.4087962962962963 0.0140625 0.07685185185185185
4 0.4359375 0.38101851851851853 0.011458333333333333 0.07314814814814816
