3 0.27421875 0.8222222222222223 0.034895833333333334 0.14074074074074075
0 0.3619791666666667 0.9680555555555556 0.021875 0.058333333333333334
0 0.42291666666666666 0.851388888888889 0.019791666666666666 0.05462962962962963
0 0.47031249999999997 0.7666666666666667 0.010416666666666666 0.05
0 0.4953125 0.6814814814814815 0.013541666666666667 0.0462962962962963
0 0.4940104166666667 0.6226851851851852 0.015104166666666667 0.04351851851851852
3 0.43723958333333335 0.6902777777777778 0.0265625 0.1212962962962963
4 0.4328125 0.5935185185185186 0.021875 0.09814814814814815
6 0.47760416666666666 0.5162037037037037 0.021875 0.11574074074074074
7 0.5239583333333333 0.23842592592592593 0.03854166666666667 0.06759259259259259
0 0.4947916666666667 0.5601851851851852 0.014583333333333334 0.037037037037037035
0 0.49322916666666666 0.5143518518518518 0.014583333333333334 0.02314814814814815
0 0.49114583333333334 0.4703703703703704 0.0125 0.04259259259259259
0 0.4921875 0.42638888888888893 0.015625 0.03796296296296296
0 0.4921875 0.3893518518518519 0.015625 0.04351851851851852
