7 0.528125 0.17731481481481481 0.03125 0.05648148148148149
0 0.4984375 0.2986111111111111 0.005208333333333333 0.02314814814814815
0 0.49635416666666665 0.4513888888888889 0.007291666666666667 0.026851851851851852
0 0.4770833333333333 0.5402777777777777 0.009375 0.032407407407407406
0 0.43906249999999997 0.5921296296296297 0.009375 0.03425925925925926
0 0.3950520833333333 0.6555555555555556 0.009895833333333333 0.03518518518518519
2 0.48515625 0.32453703703703707 0.011979166666666666 0.012037037037037037
2 0.496875 0.3527777777777778 0.00625 0.014814814814814815
2 0.48723958333333334 0.3861111111111111 0.015104166666666667 0.012962962962962964
2 0.49374999999999997 0.42083333333333334 0.007291666666666667 0.019444444444444445
2 0.50234375 0.49722222222222223 0.01614583333333333 0.018518518518518517
6 0.3294270833333333 0.5236111111111111 0.0140625 0.08240740740740742
3 0.34296875 0.5425925925925926 0.013020833333333334 0.09074074074074075
3 0.3528645833333333 0.5453703703703704 0.015104166666666667 0.09074074074074075
