5 0.4388020833333333 0.8583333333333334 0.024479166666666666 0.13333333333333333
3 0.3734375 0.9564814814814815 0.027083333333333334 0.07777777777777778
4 0.3640625 0.8481481481481482 0.021875 0.12592592592592594
7 0.5359375 0.30462962962962964 0.04375 0.08148148148148149
0 0.47734375 0.9166666666666667 0.0140625 0.053703703703703705
0 0.48020833333333335 0.8074074074074075 0.015625 0.040740740740740744
0 0.484375 0.7203703703703704 0.011458333333333333 0.04259259259259259
0 0.48515625 0.6458333333333334 0.0140625 0.04166666666666667
0 0.490625 0.5851851851851853 0.009375 0.037037037037037035
0 0.49166666666666664 0.5328703703703704 0.010416666666666666 0.030555555555555558
