3 0.23906249999999998 0.7736111111111111 0.027083333333333334 0.11203703703703705
3 0.4088541666666667 0.5981481481481482 0.016666666666666666 0.09814814814814815
5 0.4630208333333333 0.5407407407407407 0.01875 0.0925925925925926
4 0.4166666666666667 0.5328703703703704 0.015625 0.08796296296296297
0 0.3606770833333333 0.8384259259259259 0.011979166666666666 0.04351851851851852
0 0.41875 0.7449074074074075 0.011458333333333333 0.03981481481481482
0 0.4666666666666667 0.6722222222222223 0.010416666666666666 0.03518518518518519
0 0.49140625 0.6055555555555556 0.009895833333333333 0.03333333333333333
0 0.49166666666666664 0.5481481481481482 0.008333333333333333 0.031481481481481485
0 0.49453125 0.49768518518518523 0.008854166666666666 0.028703703703703703
0 0.49583333333333335 0.4537037037037037 0.008333333333333333 0.02777777777777778
0 0.49635416666666665 0.4152777777777778 0.007291666666666667 0.025
0 0.4984375 0.3814814814814815 0.007291666666666667 0.024074074074074074
0 0.49947916666666664 0.35185185185185186 0.007291666666666667 0.022222222222222223
7 0.5341145833333333 0.20555555555555557 0.033854166666666664 0.06296296296296297
