0 0.43854166666666666 0.27592592592592596 0.004166666666666667 0.018518518518518517
0 0.4614583333333333 0.2564814814814815 0.004166666666666667 0.016666666666666666
0 0.4828125 0.23935185185185187 0.005208333333333333 0.017592592592592594
0 0.4934895833333333 0.22222222222222224 0.0036458333333333334 0.012962962962962964
0 0.49296875 0.2064814814814815 0.0036458333333333334 0.012962962962962964
0 0.4934895833333333 0.19166666666666668 0.0026041666666666665 0.011111111111111112
0 0.4927083333333333 0.17962962962962964 0.003125 0.014814814814814815
0 0.49296875 0.16527777777777777 0.0036458333333333334 0.012037037037037037
0 0.4927083333333333 0.15324074074074073 0.003125 0.012037037037037037
0 0.4934895833333333 0.14074074074074075 0.0036458333333333334 0.014814814814814815
3 0.4627604166666667 0.21851851851851853 0.0109375 0.053703703703703705
6 0.47604166666666664 0.20555555555555557 0.010416666666666666 0.05555555555555556
3 0.4015625 0.23750000000000002 0.011458333333333333 0.05462962962962963
7 0.5145833333333333 0.07777777777777778 0.020833333333333332 0.040740740740740744
