0 0.43776041666666665 0.2740740740740741 0.0046875 0.018518518518518517
0 0.4614583333333333 0.25416666666666665 0.004166666666666667 0.017592592592592594
0 0.4828125 0.23564814814814816 0.004166666666666667 0.019444444444444445
0 0.4940104166666667 0.21944444444444444 0.0046875 0.014814814814814815
0 0.4934895833333333 0.20601851851851852 0.0036458333333333334 0.01388888888888889
0 0.4934895833333333 0.18981481481481483 0.0036458333333333334 0.012962962962962964
0 0.4934895833333333 0.17546296296296296 0.0036458333333333334 0.010185185185185186
0 0.4927083333333333 0.16342592592592592 0.004166666666666667 0.010185185185185186
0 0.49322916666666666 0.1513888888888889 0.003125 0.008333333333333333
0 0.49322916666666666 0.13842592592592592 0.004166666666666667 0.015740740740740743
3 0.4635416666666667 0.21666666666666667 0.010416666666666666 0.053703703703703705
3 0.40078125 0.23425925925925928 0.011979166666666666 0.053703703703703705
6 0.4765625 0.19953703703703704 0.008333333333333333 0.05462962962962963
7 0.5140625 0.07268518518518519 0.025 0.04166666666666667
