7 0.5361979166666666 0.24861111111111112 0.0390625 0.0712962962962963
3 0.4036458333333333 0.7495370370370371 0.020833333333333332 0.11574074074074074
4 0.3963541666666667 0.6481481481481481 0.022916666666666665 0.07037037037037037
5 0.45625 0.6731481481481482 0.028125 0.10925925925925926
0 0.45651041666666664 0.8837962962962963 0.01614583333333333 0.05092592592592593
0 0.48828125 0.7814814814814816 0.013020833333333334 0.04259259259259259
0 0.48802083333333335 0.6986111111111112 0.011458333333333333 0.03796296296296296
0 0.49192708333333335 0.6273148148148149 0.0109375 0.032407407407407406
0 0.4940104166666667 0.5657407407407408 0.009895833333333333 0.03333333333333333
0 0.49453125 0.5143518518518518 0.008854166666666666 0.028703703703703703
0 0.496875 0.46990740740740744 0.009375 0.028703703703703703
0 0.4986979166666667 0.4314814814814815 0.008854166666666666 0.02777777777777778
