0 0.43776041666666665 0.27731481481481485 0.0036458333333333334 0.017592592592592594
0 0.46041666666666664 0.2587962962962963 0.004166666666666667 0.017592592592592594
0 0.48151041666666666 0.2425925925925926 0.005729166666666666 0.014814814814814815
0 0.4927083333333333 0.22361111111111112 0.004166666666666667 0.017592592592592594
0 0.4927083333333333 0.20740740740740743 0.004166666666666667 0.014814814814814815
0 0.4927083333333333 0.19444444444444445 0.004166666666666667 0.014814814814814815
0 0.49296875 0.18055555555555555 0.0036458333333333334 0.014814814814814815
0 0.4927083333333333 0.16666666666666669 0.004166666666666667 0.012962962962962964
0 0.4927083333333333 0.15416666666666667 0.003125 0.012037037037037037
0 0.4927083333333333 0.14120370370370372 0.003125 0.01388888888888889
3 0.4002604166666667 0.23981481481481481 0.013020833333333334 0.05555555555555556
3 0.4640625 0.21944444444444444 0.011458333333333333 0.05185185185185186
6 0.4770833333333333 0.20833333333333334 0.009375 0.05555555555555556
7 0.5140625 0.07916666666666666 0.026041666666666668 0.04166666666666667
