0 0.4002604166666667 0.5750000000000001 0.008854166666666666 0.03333333333333333
0 0.4421875 0.5217592592592593 0.009375 0.030555555555555558
0 0.47812499999999997 0.47731481481481486 0.008333333333333333 0.030555555555555558
0 0.4966145833333333 0.4375 0.008854166666666666 0.025
0 0.496875 0.4 0.008333333333333333 0.024074074074074074
0 0.4986979166666667 0.3666666666666667 0.0078125 0.024074074074074074
0 0.49947916666666664 0.3375 0.007291666666666667 0.02314814814814815
0 0.5 0.3111111111111111 0.00625 0.022222222222222223
0 0.5018229166666667 0.2865740740740741 0.005729166666666666 0.019444444444444445
0 0.5028645833333333 0.2652777777777778 0.005729166666666666 0.017592592592592594
5 0.4635416666666667 0.4287037037037037 0.015625 0.07962962962962963
3 0.42526041666666664 0.4439814814814815 0.013020833333333334 0.075
4 0.42291666666666666 0.39722222222222225 0.011458333333333333 0.03333333333333333
3 0.30859375 0.5287037037037037 0.0203125 0.08703703703703704
7 0.53203125 0.1527777777777778 0.030729166666666665 0.05185185185185186
