0 0.49505208333333334 0.4759259259259259 0.0109375 0.02962962962962963
0 0.49322916666666666 0.5208333333333334 0.010416666666666666 0.032407407407407406
0 0.4901041666666667 0.5740740740740741 0.008333333333333333 0.03518518518518519
0 0.4895833333333333 0.6347222222222223 0.010416666666666666 0.03981481481481482
0 0.4875 0.7055555555555556 0.013541666666666667 0.040740740740740744
0 0.4828125 0.7958333333333334 0.016666666666666666 0.04722222222222222
0 0.4809895833333333 0.8990740740740741 0.015104166666666667 0.05
3 0.38776041666666666 0.8523148148148149 0.025520833333333333 0.12685185185185185
4 0.38177083333333334 0.737962962962963 0.026041666666666668 0.09814814814814815
5 0.4471354166666667 0.7587962962962963 0.024479166666666666 0.1212962962962963
7 0.5356770833333333 0.2726851851851852 0.04114583333333333 0.0712962962962963
