3 0.35260416666666666 0.46851851851851856 0.017708333333333333 0.08148148148148149
0 0.4440104166666667 0.49212962962962964 0.0109375 0.032407407407407406
0 0.40781249999999997 0.5388888888888889 0.010416666666666666 0.03333333333333333
0 0.47578125 0.4537037037037037 0.009895833333333333 0.02777777777777778
0 0.4927083333333333 0.4166666666666667 0.009375 0.02777777777777778
0 0.49166666666666664 0.3819444444444445 0.008333333333333333 0.026851851851851852
0 0.49140625 0.3527777777777778 0.008854166666666666 0.024074074074074074
0 0.49166666666666664 0.32546296296296295 0.008333333333333333 0.02314814814814815
0 0.4908854166666667 0.30092592592592593 0.0078125 0.022222222222222223
0 0.49166666666666664 0.2800925925925926 0.007291666666666667 0.021296296296296296
0 0.49166666666666664 0.25787037037037036 0.007291666666666667 0.021296296296296296
6 0.47604166666666664 0.34861111111111115 0.0125 0.06944444444444445
3 0.4497395833333333 0.412962962962963 0.0140625 0.07777777777777778
4 0.4359375 0.3837962962962963 0.011458333333333333 0.075
7 0.5166666666666666 0.15555555555555556 0.030208333333333334 0.05555555555555556
