3 0.2739583333333333 0.6550925925925927 0.022916666666666665 0.09907407407407408
3 0.4161458333333333 0.5291666666666667 0.014583333333333334 0.08981481481481482
5 0.46119791666666665 0.4842592592592593 0.0171875 0.08518518518518518
4 0.42265625 0.4726851851851852 0.013020833333333334 0.0787037037037037
0 0.3807291666666667 0.7092592592592593 0.010416666666666666 0.03888888888888889
0 0.43046875 0.637962962962963 0.009895833333333333 0.03333333333333333
0 0.47239583333333335 0.5796296296296296 0.009375 0.03333333333333333
0 0.4940104166666667 0.5263888888888889 0.008854166666666666 0.028703703703703703
0 0.49453125 0.4791666666666667 0.0078125 0.026851851851851852
0 0.496875 0.43703703703703706 0.008333333333333333 0.02592592592592593
0 0.49765624999999997 0.3995370370370371 0.0078125 0.026851851851851852
0 0.4984375 0.3680555555555556 0.007291666666666667 0.02314814814814815
0 0.5002604166666667 0.33935185185185185 0.0067708333333333336 0.02314814814814815
0 0.5013020833333334 0.3125 0.0067708333333333336 0.021296296296296296
7 0.53359375 0.18194444444444446 0.0328125 0.05648148148148149
