3 0.38515625 0.3189814814814815 0.011979166666666666 0.0638888888888889
3 0.46119791666666665 0.28240740740740744 0.011979166666666666 0.061111111111111116
6 0.4783854166666667 0.2638888888888889 0.011979166666666666 0.05740740740740741
4 0.4458333333333333 0.2828703703703704 0.011458333333333333 0.062037037037037036
0 0.42890625 0.3652777777777778 0.0067708333333333336 0.025
0 0.45703125 0.33842592592592596 0.0078125 0.025
0 0.48125 0.31342592592592594 0.007291666666666667 0.025
0 0.4942708333333333 0.29074074074074074 0.005208333333333333 0.020370370370370372
0 0.49374999999999997 0.26990740740740743 0.005208333333333333 0.021296296296296296
0 0.49374999999999997 0.24953703703703706 0.005208333333333333 0.017592592592592594
0 0.4942708333333333 0.23287037037037037 0.005208333333333333 0.019444444444444445
0 0.49322916666666666 0.2152777777777778 0.004166666666666667 0.017592592592592594
0 0.49374999999999997 0.20046296296296298 0.005208333333333333 0.017592592592592594
0 0.4934895833333333 0.18472222222222223 0.0046875 0.019444444444444445
7 0.515625 0.1050925925925926 0.026041666666666668 0.04351851851851852
