3 0.3515625 0.46944444444444444 0.017708333333333333 0.08518518518518518
4 0.4309895833333333 0.3851851851851852 0.015104166666666667 0.07222222222222223
6 0.47604166666666664 0.3439814814814815 0.011458333333333333 0.07314814814814816
3 0.4471354166666667 0.4134259259259259 0.0171875 0.0787037037037037
0 0.40651041666666665 0.5421296296296296 0.0109375 0.032407407407407406
0 0.4440104166666667 0.49444444444444446 0.0109375 0.031481481481481485
0 0.47578125 0.4550925925925926 0.009895833333333333 0.030555555555555558
0 0.49296875 0.41712962962962963 0.009895833333333333 0.028703703703703703
0 0.49166666666666664 0.38333333333333336 0.010416666666666666 0.02777777777777778
0 0.4921875 0.35324074074074074 0.009375 0.026851851851851852
0 0.49140625 0.3263888888888889 0.008854166666666666 0.025
0 0.4908854166666667 0.30092592592592593 0.0078125 0.022222222222222223
0 0.49166666666666664 0.27870370370370373 0.007291666666666667 0.022222222222222223
0 0.4921875 0.25787037037037036 0.008333333333333333 0.02314814814814815
7 0.5166666666666666 0.15462962962962964 0.029166666666666667 0.053703703703703705
