3 0.29791666666666666 0.5694444444444444 0.020833333333333332 0.09074074074074075
3 0.41875 0.4712962962962963 0.015625 0.08148148148148149
5 0.4666666666666667 0.4398148148148148 0.016666666666666666 0.08148148148148149
4 0.42994791666666665 0.42592592592592593 0.013020833333333334 0.07222222222222223
0 0.39479166666666665 0.6180555555555556 0.009375 0.032407407407407406
0 0.4388020833333333 0.5592592592592592 0.009895833333333333 0.03333333333333333
0 0.4765625 0.5097222222222222 0.009375 0.032407407407407406
0 0.4966145833333333 0.4652777777777778 0.008854166666666666 0.028703703703703703
0 0.49635416666666665 0.42638888888888893 0.008333333333333333 0.025
0 0.4986979166666667 0.38981481481481484 0.0078125 0.024074074074074074
0 0.49947916666666664 0.3574074074074074 0.007291666666666667 0.024074074074074074
0 0.49973958333333335 0.3287037037037037 0.0067708333333333336 0.022222222222222223
0 0.5018229166666667 0.3037037037037037 0.005729166666666666 0.020370370370370372
0 0.5026041666666666 0.28055555555555556 0.00625 0.018518518518518517
7 0.53359375 0.1615740740740741 0.030729166666666665 0.05277777777777778
