0 0.49973958333333335 0.3731481481481482 0.008854166666666666 0.02592592592592593
0 0.4986979166666667 0.4064814814814815 0.008854166666666666 0.02777777777777778
0 0.49583333333333335 0.4430555555555556 0.010416666666666666 0.028703703703703703
0 0.49557291666666664 0.4842592592592593 0.011979166666666666 0.031481481481481485
0 0.4940104166666667 0.5324074074074074 0.011979166666666666 0.031481481481481485
0 0.4908854166666667 0.5893518518518519 0.0109375 0.03425925925925926
0 0.4908854166666667 0.6513888888888889 0.013020833333333334 0.03981481481481482
0 0.46380208333333334 0.7273148148148149 0.0203125 0.05277777777777778
0 0.41328125 0.8125 0.018229166666666668 0.049074074074074076
0 0.35 0.9166666666666667 0.013541666666666667 0.053703703703703705
3 0.21953124999999998 0.8472222222222222 0.030729166666666665 0.12407407407407407
3 0.4114583333333333 0.6393518518518518 0.021875 0.10462962962962963
4 0.4109375 0.5541666666666667 0.022916666666666665 0.058333333333333334
5 0.459375 0.576388888888889 0.025 0.10277777777777779
7 0.5346354166666667 0.21666666666666667 0.04010416666666666 0.06666666666666667
