3 0.30104166666666665 0.5592592592592592 0.019791666666666666 0.08888888888888889
3 0.4200520833333333 0.46435185185185185 0.0140625 0.08240740740740742
4 0.4302083333333333 0.42129629629629634 0.013541666666666667 0.07222222222222223
5 0.46901041666666665 0.4342592592592593 0.01614583333333333 0.07777777777777778
0 0.3966145833333333 0.6078703703703704 0.009895833333333333 0.03425925925925926
0 0.4401041666666667 0.549537037037037 0.010416666666666666 0.03425925925925926
0 0.47760416666666666 0.5027777777777778 0.009375 0.031481481481481485
0 0.496875 0.45833333333333337 0.009375 0.02592592592592593
0 0.496875 0.4185185185185185 0.008333333333333333 0.02592592592592593
0 0.49921875 0.3842592592592593 0.0078125 0.024074074074074074
0 0.5005208333333333 0.32546296296296295 0.00625 0.02314814814814815
0 0.5 0.3527777777777778 0.007291666666666667 0.022222222222222223
0 0.5020833333333333 0.3 0.00625 0.020370370370370372
0 0.5028645833333333 0.2763888888888889 0.005729166666666666 0.019444444444444445
7 0.53359375 0.15972222222222224 0.030729166666666665 0.05092592592592593
