3 0.24635416666666665 0.7486111111111111 0.025 0.11018518518518519
3 0.4114583333333333 0.5833333333333334 0.015625 0.0925925925925926
5 0.4614583333333333 0.5291666666666667 0.017708333333333333 0.08981481481481482
4 0.4200520833333333 0.5185185185185185 0.011979166666666666 0.08518518518518518
0 0.3653645833333333 0.8106481481481482 0.0109375 0.04351851851851852
0 0.42213541666666665 0.7226851851851852 0.0109375 0.036111111111111115
0 0.46822916666666664 0.6527777777777778 0.010416666666666666 0.03518518518518519
0 0.4921875 0.5888888888888889 0.009375 0.03333333333333333
0 0.49244791666666665 0.5328703703703704 0.008854166666666666 0.030555555555555558
0 0.4953125 0.4847222222222222 0.008333333333333333 0.026851851851851852
0 0.49609375 0.44212962962962965 0.0078125 0.026851851851851852
0 0.496875 0.40555555555555556 0.007291666666666667 0.024074074074074074
0 0.49895833333333334 0.3726851851851852 0.00625 0.025
0 0.5 0.3425925925925926 0.00625 0.022222222222222223
7 0.5341145833333333 0.2 0.033854166666666664 0.05925925925925926
