3 0.26848958333333334 0.8861111111111112 0.04010416666666666 0.14444444444444446
3 0.43776041666666665 0.7375 0.0328125 0.12314814814814816
4 0.4328125 0.6157407407407408 0.021875 0.10555555555555556
6 0.4791666666666667 0.5361111111111111 0.03229166666666666 0.1
7 0.52890625 0.2439814814814815 0.049479166666666664 0.0712962962962963
0 0.42213541666666665 0.9166666666666667 0.019270833333333334 0.06666666666666667
0 0.4739583333333333 0.8125 0.021875 0.058333333333333334
0 0.5002604166666667 0.7319444444444445 0.01614583333333333 0.04722222222222222
0 0.49713541666666666 0.6546296296296297 0.0171875 0.044444444444444446
0 0.49765624999999997 0.5851851851851853 0.01614583333333333 0.03888888888888889
0 0.49713541666666666 0.5388888888888889 0.0171875 0.037037037037037035
0 0.4966145833333333 0.49259259259259264 0.0171875 0.031481481481481485
0 0.4947916666666667 0.4486111111111111 0.0125 0.03796296296296296
0 0.49322916666666666 0.4083333333333333 0.01875 0.02962962962962963
