7 0.5252604166666667 0.14722222222222223 0.0328125 0.05925925925925926
6 0.34348958333333335 0.43703703703703706 0.022395833333333334 0.08148148148148149
3 0.35963541666666665 0.45 0.013020833333333334 0.08148148148148149
0 0.4979166666666667 0.2555555555555556 0.009375 0.02777777777777778
0 0.4953125 0.3824074074074074 0.007291666666666667 0.02962962962962963
0 0.4791666666666667 0.45462962962962966 0.0125 0.03518518518518519
0 0.44453125 0.4953703703703704 0.013020833333333334 0.02962962962962963
0 0.40625 0.5439814814814815 0.0125 0.036111111111111115
2 0.48541666666666666 0.2791666666666667 0.0125 0.015740740740740743
2 0.49609375 0.30185185185185187 0.009895833333333333 0.014814814814814815
2 0.48776041666666664 0.32546296296296295 0.01614583333333333 0.019444444444444445
2 0.49322916666666666 0.35462962962962963 0.009375 0.020370370370370372
2 0.5005208333333333 0.41944444444444445 0.01875 0.018518518518518517
