3 0.35833333333333334 0.4240740740740741 0.017708333333333333 0.08148148148148149
4 0.43203125 0.35185185185185186 0.018229166666666668 0.07037037037037037
6 0.4747395833333333 0.3212962962962963 0.0140625 0.07037037037037037
3 0.45338541666666665 0.3791666666666667 0.01614583333333333 0.075
0 0.41041666666666665 0.48888888888888893 0.010416666666666666 0.031481481481481485
0 0.44479166666666664 0.44722222222222224 0.010416666666666666 0.02777777777777778
0 0.4752604166666667 0.41203703703703703 0.009895833333333333 0.02962962962962963
0 0.4908854166666667 0.37962962962962965 0.0109375 0.02592592592592593
0 0.4895833333333333 0.3490740740740741 0.008333333333333333 0.024074074074074074
0 0.4895833333333333 0.3212962962962963 0.007291666666666667 0.02592592592592593
0 0.4895833333333333 0.2967592592592593 0.007291666666666667 0.02314814814814815
1 0.4895833333333333 0.24675925925925926 0.009375 0.03981481481481482
0 0.4895833333333333 0.27685185185185185 0.008333333333333333 0.024074074074074074
7 0.5145833333333333 0.14166666666666666 0.029166666666666667 0.053703703703703705
