7 0.5190104166666667 0.19583333333333333 0.0359375 0.06574074074074074
0 0.4901041666666667 0.33055555555555555 0.009375 0.02592592592592593
0 0.4927083333333333 0.46064814814814814 0.011458333333333333 0.030555555555555558
0 0.4927083333333333 0.5532407407407408 0.011458333333333333 0.036111111111111115
6 0.46953125 0.4310185185185185 0.01614583333333333 0.08240740740740742
4 0.4348958333333333 0.4898148148148148 0.01875 0.07777777777777778
3 0.4395833333333333 0.5555555555555556 0.019791666666666666 0.09444444444444444
3 0.31484375 0.6439814814814815 0.022395833333333334 0.10277777777777779
0 0.4315104166666667 0.6717592592592593 0.013020833333333334 0.04166666666666667
0 0.47265625 0.6087962962962963 0.011979166666666666 0.03981481481481482
0 0.3833333333333333 0.7476851851851852 0.016666666666666666 0.04351851851851852
0 0.4903645833333333 0.3856481481481482 0.009895833333333333 0.026851851851851852
