3 0.39166666666666666 0.29074074074074074 0.013541666666666667 0.061111111111111116
3 0.4671875 0.25972222222222224 0.010416666666666666 0.058333333333333334
4 0.44036458333333334 0.2625 0.009895833333333333 0.05462962962962963
6 0.47604166666666664 0.24351851851851852 0.011458333333333333 0.05740740740740741
0 0.4328125 0.3351851851851852 0.008333333333333333 0.024074074074074074
0 0.4588541666666667 0.3111111111111111 0.00625 0.024074074074074074
0 0.4825520833333333 0.28750000000000003 0.0067708333333333336 0.02314814814814815
0 0.49557291666666664 0.26666666666666666 0.0067708333333333336 0.022222222222222223
0 0.4942708333333333 0.24814814814814815 0.00625 0.020370370370370372
0 0.4940104166666667 0.23055555555555557 0.0046875 0.018518518518518517
0 0.4942708333333333 0.21342592592592594 0.005208333333333333 0.019444444444444445
0 0.49374999999999997 0.19861111111111113 0.00625 0.017592592592592594
0 0.4934895833333333 0.18611111111111112 0.005729166666666666 0.018518518518518517
0 0.4940104166666667 0.16990740740740742 0.0046875 0.019444444444444445
7 0.5158854166666667 0.09583333333333334 0.0234375 0.04351851851851852
