3 0.2973958333333333 0.7685185185185186 0.0125 0.11666666666666667
3 0.31145833333333334 0.7736111111111111 0.0125 0.11018518518518519
6 0.2794270833333333 0.7347222222222223 0.0203125 0.11203703703703705
0 0.359375 0.950462962962963 0.0125 0.05092592592592593
0 0.42109375 0.8361111111111111 0.013020833333333334 0.04814814814814815
0 0.4705729166666667 0.7513888888888889 0.011979166666666666 0.04166666666666667
0 0.49583333333333335 0.6111111111111112 0.010416666666666666 0.03518518518518519
0 0.49973958333333335 0.3912037037037037 0.0067708333333333336 0.026851851851851852
2 0.48411458333333335 0.4277777777777778 0.015104166666666667 0.014814814814814815
2 0.4973958333333333 0.4652777777777778 0.007291666666666667 0.015740740740740743
2 0.48541666666666666 0.5120370370370371 0.019791666666666666 0.016666666666666666
2 0.4927083333333333 0.562962962962963 0.009375 0.024074074074074074
2 0.5028645833333333 0.6824074074074075 0.022395833333333334 0.022222222222222223
7 0.5338541666666666 0.23287037037037037 0.0375 0.06018518518518519
