3 0.35104166666666664 0.47175925925925927 0.017708333333333333 0.08425925925925926
0 0.40598958333333335 0.5439814814814815 0.011979166666666666 0.03425925925925926
0 0.4434895833333333 0.4953703703703704 0.0109375 0.03333333333333333
0 0.4765625 0.4569444444444445 0.010416666666666666 0.030555555555555558
0 0.4927083333333333 0.41805555555555557 0.010416666666666666 0.028703703703703703
0 0.4908854166666667 0.38333333333333336 0.0078125 0.02592592592592593
0 0.4921875 0.3527777777777778 0.009375 0.02592592592592593
0 0.4908854166666667 0.32685185185185184 0.009895833333333333 0.02592592592592593
0 0.4908854166666667 0.300462962962963 0.0078125 0.02314814814814815
0 0.49166666666666664 0.2791666666666667 0.008333333333333333 0.02314814814814815
0 0.4921875 0.2564814814814815 0.008333333333333333 0.022222222222222223
6 0.47552083333333334 0.34351851851851856 0.0125 0.07037037037037037
3 0.4471354166666667 0.41574074074074074 0.01614583333333333 0.07777777777777778
4 0.43046875 0.3856481481481482 0.015104166666666667 0.06944444444444445
7 0.5171875 0.1537037037037037 0.03125 0.05555555555555556
