3 0.3924479166666667 0.2865740740740741 0.0109375 0.06018518518518519
3 0.46953125 0.2574074074074074 0.0109375 0.05740740740740741
4 0.44140625 0.25833333333333336 0.0109375 0.053703703703703705
6 0.4765625 0.24074074074074076 0.009375 0.05555555555555556
0 0.4341145833333333 0.3300925925925926 0.0067708333333333336 0.02314814814814815
0 0.4596354166666667 0.3055555555555556 0.0078125 0.024074074074074074
0 0.4830729166666667 0.2847222222222222 0.0067708333333333336 0.02314814814814815
0 0.49557291666666664 0.26296296296296295 0.005729166666666666 0.022222222222222223
0 0.4942708333333333 0.2449074074074074 0.005208333333333333 0.019444444444444445
0 0.49453125 0.22546296296296298 0.0046875 0.017592592592592594
0 0.4940104166666667 0.21064814814814817 0.0046875 0.017592592592592594
0 0.4942708333333333 0.19398148148148148 0.005208333333333333 0.017592592592592594
0 0.49453125 0.1824074074074074 0.0046875 0.016666666666666666
0 0.4940104166666667 0.1685185185185185 0.005729166666666666 0.018518518518518517
7 0.5158854166666667 0.09444444444444444 0.025520833333333333 0.04259259259259259
