3 0.29244791666666664 0.5856481481481481 0.0203125 0.09166666666666667
3 0.41796875 0.4814814814814815 0.019270833333333334 0.08148148148148149
4 0.428125 0.4356481481481482 0.015625 0.075
5 0.46458333333333335 0.44722222222222224 0.015625 0.08148148148148149
0 0.39140625 0.6342592592592593 0.009895833333333333 0.037037037037037035
0 0.43671875 0.5731481481481482 0.009895833333333333 0.03333333333333333
0 0.47578125 0.5231481481481481 0.008854166666666666 0.03333333333333333
0 0.49583333333333335 0.4763888888888889 0.009375 0.028703703703703703
0 0.49609375 0.4351851851851852 0.0067708333333333336 0.02592592592592593
0 0.4981770833333333 0.39861111111111114 0.0078125 0.025
0 0.49921875 0.3662037037037037 0.0067708333333333336 0.02314814814814815
0 0.49921875 0.337037037037037 0.0067708333333333336 0.022222222222222223
0 0.5015625 0.3101851851851852 0.007291666666666667 0.022222222222222223
0 0.5020833333333333 0.28611111111111115 0.00625 0.020370370370370372
7 0.5338541666666666 0.16527777777777777 0.03125 0.05277777777777778
