7 0.52109375 0.12268518518518519 0.030729166666666665 0.05092592592592593
6 0.3645833333333333 0.3578703703703704 0.016666666666666666 0.07685185185185185
3 0.375 0.3666666666666667 0.011458333333333333 0.07407407407407407
0 0.49505208333333334 0.21342592592592594 0.008854166666666666 0.025
0 0.49374999999999997 0.31527777777777777 0.007291666666666667 0.02314814814814815
0 0.4796875 0.3736111111111111 0.009375 0.026851851851851852
0 0.45026041666666666 0.4050925925925926 0.008854166666666666 0.026851851851851852
0 0.41692708333333334 0.44027777777777777 0.009895833333333333 0.026851851851851852
2 0.4848958333333333 0.23425925925925928 0.011458333333333333 0.011111111111111112
2 0.49505208333333334 0.2518518518518519 0.0078125 0.014814814814814815
2 0.48723958333333334 0.2740740740740741 0.015104166666666667 0.012962962962962964
2 0.4921875 0.2967592592592593 0.007291666666666667 0.012037037037037037
2 0.4984375 0.3476851851851852 0.014583333333333334 0.019444444444444445
