7 0.5213541666666667 0.12361111111111112 0.029166666666666667 0.04722222222222222
6 0.36614583333333334 0.35833333333333334 0.013541666666666667 0.07037037037037037
3 0.37604166666666666 0.3680555555555556 0.011458333333333333 0.0712962962962963
0 0.49635416666666665 0.21574074074074076 0.00625 0.020370370370370372
0 0.49453125 0.31666666666666665 0.0078125 0.02592592592592593
0 0.48072916666666665 0.375462962962963 0.010416666666666666 0.025
0 0.4513020833333333 0.4064814814814815 0.0109375 0.02777777777777778
0 0.41875 0.4425925925925926 0.0125 0.02962962962962963
2 0.48541666666666666 0.23703703703703705 0.0125 0.012962962962962964
2 0.49505208333333334 0.25324074074074077 0.009895833333333333 0.010185185185185186
2 0.48776041666666664 0.275 0.0140625 0.014814814814814815
2 0.49244791666666665 0.29814814814814816 0.011979166666666666 0.009259259259259259
2 0.49973958333333335 0.35000000000000003 0.015104166666666667 0.012962962962962964
