7 0.5213541666666667 0.12175925925925926 0.029166666666666667 0.049074074074074076
6 0.36666666666666664 0.35370370370370374 0.013541666666666667 0.06481481481481481
3 0.38359375 0.3703703703703704 0.011979166666666666 0.06851851851851852
0 0.4966145833333333 0.21666666666666667 0.0067708333333333336 0.024074074074074074
0 0.4942708333333333 0.3189814814814815 0.009375 0.025
0 0.48020833333333335 0.375 0.010416666666666666 0.02777777777777778
0 0.4510416666666667 0.40601851851851856 0.010416666666666666 0.028703703703703703
0 0.41796875 0.4416666666666667 0.009895833333333333 0.031481481481481485
2 0.48463541666666665 0.23611111111111113 0.011979166666666666 0.014814814814814815
2 0.49583333333333335 0.2537037037037037 0.008333333333333333 0.014814814814814815
2 0.48776041666666664 0.27546296296296297 0.01614583333333333 0.01388888888888889
2 0.49192708333333335 0.2986111111111111 0.008854166666666666 0.015740740740740743
2 0.4984375 0.34953703703703703 0.017708333333333333 0.017592592592592594
