0 0.43776041666666665 0.2902777777777778 0.005729166666666666 0.021296296296296296
0 0.4614583333333333 0.2689814814814815 0.005208333333333333 0.019444444444444445
0 0.4828125 0.24953703703703706 0.005208333333333333 0.019444444444444445
0 0.4947916666666667 0.23194444444444445 0.004166666666666667 0.015740740740740743
0 0.49322916666666666 0.2152777777777778 0.003125 0.01388888888888889
0 0.4940104166666667 0.19814814814814816 0.0036458333333333334 0.012962962962962964
0 0.4940104166666667 0.1851851851851852 0.0036458333333333334 0.012962962962962964
0 0.49322916666666666 0.1726851851851852 0.004166666666666667 0.012037037037037037
0 0.4940104166666667 0.16018518518518518 0.0036458333333333334 0.012962962962962964
0 0.4947916666666667 0.1462962962962963 0.004166666666666667 0.012962962962962964
3 0.4635416666666667 0.22870370370370371 0.009375 0.05740740740740741
3 0.3989583333333333 0.25 0.014583333333333334 0.05555555555555556
6 0.4765625 0.21064814814814817 0.0125 0.05648148148148149
7 0.5145833333333333 0.08148148148148149 0.025 0.04259259259259259
