0 0.43776041666666665 0.28425925925925927 0.0046875 0.020370370370370372
0 0.46197916666666666 0.26342592592592595 0.004166666666666667 0.019444444444444445
0 0.48333333333333334 0.24629629629629632 0.005208333333333333 0.018518518518518517
0 0.4947916666666667 0.22777777777777777 0.004166666666666667 0.018518518518518517
0 0.49322916666666666 0.2111111111111111 0.004166666666666667 0.014814814814814815
0 0.4942708333333333 0.1962962962962963 0.003125 0.014814814814814815
0 0.4940104166666667 0.1824074074074074 0.0026041666666666665 0.011111111111111112
0 0.4940104166666667 0.17037037037037037 0.0036458333333333334 0.012962962962962964
0 0.4940104166666667 0.1574074074074074 0.0036458333333333334 0.012962962962962964
0 0.4942708333333333 0.1439814814814815 0.003125 0.012037037037037037
3 0.46328125 0.22592592592592595 0.009895833333333333 0.05555555555555556
3 0.39947916666666666 0.24722222222222223 0.011458333333333333 0.05925925925925926
6 0.47734375 0.20694444444444446 0.011979166666666666 0.05462962962962963
7 0.5158854166666667 0.07685185185185185 0.024479166666666666 0.044444444444444446
