3 0.3026041666666667 0.5509259259259259 0.019791666666666666 0.08703703703703704
3 0.42109375 0.4569444444444445 0.0140625 0.08240740740740742
4 0.43255208333333334 0.4189814814814815 0.0140625 0.075
5 0.46875 0.4305555555555556 0.015625 0.07962962962962963
0 0.39765625 0.5990740740740741 0.008854166666666666 0.03333333333333333
0 0.44088541666666664 0.5421296296296296 0.009895833333333333 0.032407407407407406
0 0.47812499999999997 0.49583333333333335 0.008333333333333333 0.030555555555555558
0 0.49713541666666666 0.4527777777777778 0.008854166666666666 0.02777777777777778
0 0.49765624999999997 0.4134259259259259 0.0078125 0.025
0 0.49921875 0.37962962962962965 0.0067708333333333336 0.024074074074074074
0 0.5 0.34814814814814815 0.007291666666666667 0.022222222222222223
0 0.5005208333333333 0.32083333333333336 0.00625 0.021296296296296296
0 0.50234375 0.29583333333333334 0.0067708333333333336 0.021296296296296296
0 0.5028645833333333 0.27314814814814814 0.0067708333333333336 0.020370370370370372
7 0.5330729166666667 0.15694444444444444 0.030729166666666665 0.05092592592592593
