3 0.35104166666666664 0.46944444444444444 0.017708333333333333 0.08518518518518518
0 0.40651041666666665 0.5435185185185185 0.011979166666666666 0.03518518518518519
0 0.4434895833333333 0.49444444444444446 0.0109375 0.03333333333333333
0 0.4765625 0.45555555555555555 0.010416666666666666 0.031481481481481485
0 0.4927083333333333 0.4185185185185185 0.009375 0.02962962962962963
0 0.49114583333333334 0.38333333333333336 0.009375 0.02777777777777778
0 0.4921875 0.35324074074074074 0.008333333333333333 0.026851851851851852
0 0.4908854166666667 0.32546296296296295 0.009895833333333333 0.026851851851851852
0 0.4908854166666667 0.300462962962963 0.0078125 0.02314814814814815
0 0.49166666666666664 0.2791666666666667 0.008333333333333333 0.02314814814814815
0 0.49140625 0.2569444444444445 0.008854166666666666 0.02314814814814815
6 0.47578125 0.34305555555555556 0.013020833333333334 0.06944444444444445
3 0.4471354166666667 0.4152777777777778 0.0171875 0.0787037037037037
4 0.43072916666666666 0.38472222222222224 0.014583333333333334 0.0712962962962963
7 0.51640625 0.1537037037037037 0.03177083333333333 0.05555555555555556
