0 0.43776041666666665 0.2763888888888889 0.0046875 0.019444444444444445
0 0.4614583333333333 0.2564814814814815 0.004166666666666667 0.016666666666666666
0 0.4828125 0.23842592592592593 0.005208333333333333 0.019444444444444445
0 0.4940104166666667 0.21944444444444444 0.0046875 0.016666666666666666
0 0.49322916666666666 0.20462962962962963 0.004166666666666667 0.012962962962962964
0 0.49322916666666666 0.19166666666666668 0.004166666666666667 0.012962962962962964
0 0.4927083333333333 0.1763888888888889 0.005208333333333333 0.012037037037037037
0 0.49322916666666666 0.1615740740740741 0.004166666666666667 0.008333333333333333
0 0.4940104166666667 0.15092592592592594 0.0046875 0.009259259259259259
0 0.49322916666666666 0.13935185185185187 0.004166666666666667 0.012037037037037037
3 0.4640625 0.2189814814814815 0.009375 0.05648148148148149
3 0.4015625 0.23750000000000002 0.013541666666666667 0.05648148148148149
6 0.4770833333333333 0.19953703703703704 0.011458333333333333 0.05648148148148149
7 0.5145833333333333 0.07592592592592592 0.02395833333333333 0.04259259259259259
