7 0.5138020833333333 0.13055555555555556 0.028645833333333332 0.04814814814814815
3 0.3651041666666667 0.39351851851851855 0.014583333333333334 0.07222222222222223
3 0.4640625 0.3523148148148148 0.011458333333333333 0.06759259259259259
4 0.43359375 0.32916666666666666 0.011979166666666666 0.0638888888888889
6 0.47578125 0.30462962962962964 0.011979166666666666 0.06296296296296297
0 0.41484375 0.4532407407407408 0.008854166666666666 0.030555555555555558
0 0.4479166666666667 0.41620370370370374 0.009375 0.026851851851851852
0 0.47630208333333335 0.3842592592592593 0.0078125 0.02592592592592593
0 0.49140625 0.3527777777777778 0.0078125 0.024074074074074074
0 0.490625 0.32592592592592595 0.00625 0.024074074074074074
0 0.4908854166666667 0.3013888888888889 0.0067708333333333336 0.021296296296296296
0 0.4908854166666667 0.27870370370370373 0.0067708333333333336 0.022222222222222223
0 0.4895833333333333 0.2587962962962963 0.007291666666666667 0.019444444444444445
0 0.4903645833333333 0.24074074074074076 0.0067708333333333336 0.018518518518518517
0 0.490625 0.22222222222222224 0.00625 0.020370370370370372
