3 0.29921875 0.5643518518518519 0.0203125 0.08981481481481482
3 0.4192708333333333 0.4675925925925926 0.014583333333333334 0.08333333333333334
5 0.46796875 0.4365740740740741 0.01614583333333333 0.0787037037037037
4 0.43046875 0.425 0.013020833333333334 0.07407407407407407
7 0.5333333333333333 0.16064814814814815 0.03125 0.05277777777777778
0 0.39557291666666666 0.612037037037037 0.009895833333333333 0.03333333333333333
0 0.4393229166666667 0.5541666666666667 0.009895833333333333 0.032407407407407406
0 0.47734375 0.5064814814814815 0.008854166666666666 0.031481481481481485
0 0.4966145833333333 0.46111111111111114 0.0078125 0.02777777777777778
0 0.496875 0.4222222222222222 0.007291666666666667 0.024074074074074074
0 0.49921875 0.3861111111111111 0.0067708333333333336 0.024074074074074074
0 0.49973958333333335 0.35462962962962963 0.0067708333333333336 0.022222222222222223
0 0.5002604166666667 0.32685185185185184 0.0067708333333333336 0.022222222222222223
0 0.5018229166666667 0.30092592592592593 0.005729166666666666 0.020370370370370372
0 0.50234375 0.27870370370370373 0.005729166666666666 0.018518518518518517
