0 0.4479166666666667 0.9768518518518519 0.01875 0.040740740740740744
0 0.48203124999999997 0.8625 0.0140625 0.049074074074074076
0 0.48359375 0.7657407407407407 0.0140625 0.040740740740740744
0 0.48828125 0.6824074074074075 0.008854166666666666 0.03888888888888889
0 0.4903645833333333 0.6134259259259259 0.011979166666666666 0.036111111111111115
0 0.4901041666666667 0.5560185185185186 0.010416666666666666 0.036111111111111115
0 0.49374999999999997 0.5050925925925926 0.011458333333333333 0.030555555555555558
0 0.49583333333333335 0.46296296296296297 0.009375 0.02962962962962963
3 0.3919270833333333 0.8194444444444445 0.025520833333333333 0.12407407407407407
4 0.3890625 0.7106481481481481 0.025 0.08981481481481482
5 0.45286458333333335 0.7310185185185185 0.0234375 0.11944444444444445
7 0.5359375 0.26666666666666666 0.040625 0.07222222222222223
