0 0.40520833333333334 0.9208333333333334 0.015625 0.049074074074074076
0 0.4609375 0.8203703703703704 0.015625 0.044444444444444446
0 0.48984374999999997 0.7300925925925926 0.011979166666666666 0.03981481481481482
0 0.4895833333333333 0.6527777777777778 0.011458333333333333 0.03888888888888889
0 0.49296875 0.5893518518518519 0.0109375 0.03425925925925926
0 0.4953125 0.5342592592592593 0.009375 0.031481481481481485
0 0.49609375 0.487962962962963 0.009895833333333333 0.03333333333333333
0 0.49765624999999997 0.44351851851851853 0.008854166666666666 0.031481481481481485
0 0.49973958333333335 0.4083333333333333 0.008854166666666666 0.02592592592592593
3 0.18255208333333334 0.9495370370370371 0.03177083333333333 0.09351851851851853
3 0.4075520833333333 0.7078703703703704 0.022395833333333334 0.11018518518518519
4 0.4067708333333333 0.6087962962962963 0.021875 0.0638888888888889
5 0.459375 0.6351851851851852 0.019791666666666666 0.10555555555555556
7 0.5375 0.23611111111111113 0.03854166666666667 0.06851851851851852
