3 0.37578125 0.35833333333333334 0.0140625 0.06851851851851852
3 0.4627604166666667 0.32037037037037036 0.011979166666666666 0.06481481481481481
4 0.4401041666666667 0.30694444444444446 0.011458333333333333 0.062037037037037036
6 0.47994791666666664 0.28703703703703703 0.0109375 0.06481481481481481
0 0.42265625 0.41064814814814815 0.0078125 0.026851851851851852
7 0.515625 0.11944444444444445 0.026041666666666668 0.0462962962962963
0 0.45234375 0.3773148148148148 0.009895833333333333 0.026851851851851852
0 0.47942708333333334 0.35000000000000003 0.0078125 0.02592592592592593
0 0.4921875 0.20601851851851852 0.00625 0.019444444444444445
0 0.49244791666666665 0.22314814814814815 0.0067708333333333336 0.016666666666666666
0 0.4921875 0.2388888888888889 0.00625 0.016666666666666666
0 0.4927083333333333 0.25787037037037036 0.00625 0.019444444444444445
0 0.49322916666666666 0.27685185185185185 0.00625 0.020370370370370372
0 0.49296875 0.29953703703703705 0.005729166666666666 0.02314814814814815
0 0.49374999999999997 0.3236111111111111 0.007291666666666667 0.02314814814814815
