3 0.3776041666666667 0.3513888888888889 0.013541666666666667 0.06759259259259259
3 0.4630208333333333 0.3143518518518519 0.0125 0.06574074074074074
4 0.4388020833333333 0.3037037037037037 0.013020833333333334 0.05925925925925926
6 0.4786458333333333 0.2833333333333333 0.011458333333333333 0.061111111111111116
7 0.515625 0.1175925925925926 0.027083333333333334 0.0462962962962963
0 0.4239583333333333 0.40370370370370373 0.008333333333333333 0.02592592592592593
0 0.45338541666666665 0.3717592592592593 0.0078125 0.026851851851851852
0 0.4796875 0.3439814814814815 0.009375 0.02314814814814815
0 0.4934895833333333 0.3180555555555556 0.0067708333333333336 0.021296296296296296
0 0.4927083333333333 0.2949074074074074 0.00625 0.021296296296296296
0 0.4927083333333333 0.2726851851851852 0.007291666666666667 0.021296296296296296
0 0.4927083333333333 0.2513888888888889 0.007291666666666667 0.019444444444444445
0 0.4927083333333333 0.2337962962962963 0.00625 0.017592592592592594
0 0.4927083333333333 0.21851851851851853 0.00625 0.016666666666666666
0 0.49296875 0.20231481481481484 0.0067708333333333336 0.019444444444444445
