3 0.30416666666666664 0.688425925925926 0.034375 0.11944444444444445
3 0.43906249999999997 0.5856481481481481 0.022916666666666665 0.10092592592592593
7 0.5221354166666666 0.20694444444444446 0.0359375 0.06759259259259259
0 0.4270833333333333 0.7217592592592593 0.017708333333333333 0.049074074074074076
0 0.37786458333333334 0.8069444444444445 0.022395833333333334 0.05462962962962963
0 0.46953125 0.6550925925925927 0.022395833333333334 0.06944444444444445
0 0.49583333333333335 0.5944444444444444 0.029166666666666667 0.061111111111111116
0 0.4908854166666667 0.5310185185185186 0.015104166666666667 0.05277777777777778
6 0.46979166666666666 0.4449074074074074 0.017708333333333333 0.08796296296296297
4 0.43333333333333335 0.5106481481481482 0.026041666666666668 0.08425925925925926
0 0.4908854166666667 0.47361111111111115 0.0078125 0.03981481481481482
0 0.49322916666666666 0.4185185185185185 0.015625 0.03333333333333333
0 0.49322916666666666 0.3819444444444445 0.019791666666666666 0.036111111111111115
0 0.49140625 0.3416666666666667 0.0067708333333333336 0.031481481481481485
