0 0.4270833333333333 0.37962962962962965 0.009375 0.024074074074074074
0 0.45598958333333334 0.3523148148148148 0.008854166666666666 0.02314814814814815
0 0.48072916666666665 0.32685185185185184 0.008333333333333333 0.024074074074074074
0 0.4942708333333333 0.30092592592592593 0.007291666666666667 0.022222222222222223
0 0.4934895833333333 0.28055555555555556 0.0078125 0.024074074074074074
0 0.49453125 0.25925925925925924 0.0078125 0.022222222222222223
0 0.4934895833333333 0.24120370370370373 0.0067708333333333336 0.019444444444444445
0 0.49296875 0.22453703703703703 0.0067708333333333336 0.021296296296296296
0 0.49296875 0.2064814814814815 0.0046875 0.018518518518518517
0 0.49322916666666666 0.1902777777777778 0.00625 0.019444444444444445
7 0.515625 0.11018518518518519 0.025 0.04259259259259259
3 0.38255208333333335 0.33101851851851855 0.0140625 0.06574074074074074
3 0.46484375 0.2939814814814815 0.0109375 0.062037037037037036
4 0.44427083333333334 0.29212962962962963 0.0125 0.06018518518518519
6 0.47994791666666664 0.27175925925925926 0.0109375 0.06018518518518519
