7 0.5223958333333333 0.12638888888888888 0.027083333333333334 0.05092592592592593
6 0.3640625 0.35879629629629634 0.015625 0.06944444444444445
3 0.3768229166666667 0.3685185185185185 0.011979166666666666 0.07407407407407407
0 0.4973958333333333 0.2162037037037037 0.00625 0.019444444444444445
0 0.48593749999999997 0.23657407407407408 0.011458333333333333 0.008333333333333333
2 0.48593749999999997 0.23703703703703705 0.010416666666666666 0.009259259259259259
2 0.49557291666666664 0.2550925925925926 0.008854166666666666 0.01388888888888889
2 0.48723958333333334 0.2763888888888889 0.0140625 0.010185185185185186
2 0.49322916666666666 0.29814814814814816 0.009375 0.014814814814814815
2 0.49921875 0.34953703703703703 0.01614583333333333 0.015740740740740743
0 0.49557291666666664 0.32037037037037036 0.008854166666666666 0.024074074074074074
0 0.48046875 0.37453703703703706 0.008854166666666666 0.025
0 0.45260416666666664 0.4064814814814815 0.010416666666666666 0.02592592592592593
0 0.4192708333333333 0.4430555555555556 0.009375 0.036111111111111115
