4 0.4239583333333333 0.7814814814814816 0.014583333333333334 0.12037037037037038
3 0.4510416666666667 0.9490740740740741 0.029166666666666667 0.08703703703703704
6 0.4953125 0.6569444444444444 0.01875 0.11574074074074074
7 0.54140625 0.2935185185185185 0.043229166666666666 0.07592592592592592
0 0.5307291666666667 0.9601851851851853 0.021875 0.06296296296296297
0 0.5221354166666666 0.8490740740740741 0.0171875 0.05
0 0.5247395833333334 0.7518518518518519 0.01614583333333333 0.0462962962962963
0 0.5171875 0.674074074074074 0.015625 0.044444444444444446
0 0.5145833333333333 0.6074074074074074 0.011458333333333333 0.037037037037037035
0 0.5153645833333333 0.5597222222222222 0.01614583333333333 0.04537037037037037
0 0.5140625 0.5050925925925926 0.017708333333333333 0.03425925925925926
