3 0.3403645833333333 0.5550925925925926 0.011979166666666666 0.09351851851851853
3 0.35078125 0.5560185185185186 0.015104166666666667 0.08796296296296297
6 0.3263020833333333 0.5324074074074074 0.01614583333333333 0.09074074074074075
0 0.39296875 0.6708333333333334 0.009895833333333333 0.03796296296296296
0 0.4380208333333333 0.6050925925925926 0.011458333333333333 0.036111111111111115
0 0.4765625 0.5504629629629629 0.009375 0.03796296296296296
0 0.49557291666666664 0.46064814814814814 0.008854166666666666 0.028703703703703703
0 0.49895833333333334 0.3037037037037037 0.007291666666666667 0.024074074074074074
2 0.4856770833333333 0.33240740740740743 0.011979166666666666 0.011111111111111112
2 0.4966145833333333 0.3601851851851852 0.005729166666666666 0.011111111111111112
2 0.4869791666666667 0.3925925925925926 0.013541666666666667 0.011111111111111112
2 0.49296875 0.4287037037037037 0.0067708333333333336 0.018518518518518517
2 0.5026041666666666 0.5083333333333333 0.01875 0.020370370370370372
7 0.5278645833333333 0.1800925925925926 0.030729166666666665 0.05462962962962963
