7 0.5325520833333334 0.15324074074074073 0.030729166666666665 0.05462962962962963
0 0.50234375 0.26435185185185184 0.0067708333333333336 0.021296296296296296
0 0.5018229166666667 0.2865740740740741 0.0067708333333333336 0.019444444444444445
0 0.5005208333333333 0.3101851851851852 0.007291666666666667 0.020370370370370372
0 0.49973958333333335 0.3365740740740741 0.0067708333333333336 0.021296296296296296
0 0.49921875 0.3666666666666667 0.0067708333333333336 0.024074074074074074
0 0.496875 0.3995370370370371 0.007291666666666667 0.025
0 0.496875 0.4365740740740741 0.008333333333333333 0.025
0 0.47812499999999997 0.47824074074074074 0.008333333333333333 0.026851851851851852
0 0.4421875 0.5217592592592593 0.009375 0.030555555555555558
0 0.4005208333333333 0.5745370370370371 0.009375 0.032407407407407406
5 0.46380208333333334 0.42824074074074076 0.01614583333333333 0.0787037037037037
3 0.309375 0.5287037037037037 0.019791666666666666 0.08703703703703704
4 0.42343749999999997 0.39814814814814814 0.010416666666666666 0.03333333333333333
3 0.42473958333333334 0.44212962962962965 0.011979166666666666 0.075
