7 0.5213541666666667 0.12407407407407407 0.03125 0.053703703703703705
6 0.3614583333333333 0.3574074074074074 0.01875 0.07407407407407407
3 0.3828125 0.36944444444444446 0.0125 0.07037037037037037
0 0.49557291666666664 0.2152777777777778 0.0067708333333333336 0.02314814814814815
0 0.49374999999999997 0.3175925925925926 0.007291666666666667 0.02592592592592593
0 0.4796875 0.3731481481481482 0.008333333333333333 0.02777777777777778
0 0.45078124999999997 0.40555555555555556 0.009895833333333333 0.02962962962962963
0 0.4166666666666667 0.44212962962962965 0.011458333333333333 0.032407407407407406
2 0.48411458333333335 0.23333333333333334 0.011979166666666666 0.011111111111111112
2 0.4942708333333333 0.25277777777777777 0.008333333333333333 0.014814814814814815
2 0.4875 0.27361111111111114 0.015625 0.01388888888888889
2 0.49140625 0.2972222222222222 0.009895833333333333 0.016666666666666666
2 0.4986979166666667 0.3490740740740741 0.01614583333333333 0.016666666666666666
