0 0.43906249999999997 0.27546296296296297 0.004166666666666667 0.019444444444444445
0 0.46171875 0.2564814814814815 0.0036458333333333334 0.014814814814814815
0 0.4828125 0.24027777777777778 0.005208333333333333 0.019444444444444445
0 0.49322916666666666 0.22268518518518518 0.004166666666666667 0.015740740740740743
0 0.4927083333333333 0.20694444444444446 0.004166666666666667 0.01388888888888889
0 0.4934895833333333 0.19398148148148148 0.0036458333333333334 0.01388888888888889
0 0.4934895833333333 0.17962962962962964 0.005729166666666666 0.014814814814814815
0 0.4927083333333333 0.16666666666666669 0.004166666666666667 0.012962962962962964
0 0.4927083333333333 0.1550925925925926 0.005208333333333333 0.01388888888888889
0 0.4927083333333333 0.14166666666666666 0.003125 0.014814814814814815
3 0.4635416666666667 0.2189814814814815 0.010416666666666666 0.05462962962962963
6 0.4765625 0.20601851851851852 0.010416666666666666 0.05092592592592593
6 0.40208333333333335 0.2388888888888889 0.013541666666666667 0.05555555555555556
7 0.5140625 0.07685185185185185 0.02395833333333333 0.037037037037037035
