3 0.2828125 0.6226851851851852 0.021875 0.09537037037037037
3 0.41796875 0.5078703703703704 0.01614583333333333 0.08611111111111111
4 0.42291666666666666 0.45416666666666666 0.016666666666666666 0.075
5 0.46458333333333335 0.46805555555555556 0.016666666666666666 0.08425925925925926
0 0.38619791666666664 0.674537037037037 0.009895833333333333 0.03796296296296296
0 0.43359375 0.6083333333333334 0.009895833333333333 0.03518518518518519
0 0.47369791666666666 0.5532407407407408 0.008854166666666666 0.030555555555555558
0 0.4947916666666667 0.5032407407407408 0.008333333333333333 0.028703703703703703
0 0.49505208333333334 0.45925925925925926 0.0078125 0.02777777777777778
0 0.49765624999999997 0.41944444444444445 0.0078125 0.02592592592592593
0 0.4984375 0.3837962962962963 0.007291666666666667 0.02314814814814815
0 0.49895833333333334 0.35324074074074074 0.007291666666666667 0.025
0 0.50078125 0.32546296296296295 0.0067708333333333336 0.02314814814814815
0 0.5018229166666667 0.3013888888888889 0.0067708333333333336 0.021296296296296296
7 0.5333333333333333 0.17453703703703705 0.03229166666666666 0.05462962962962963
