7 0.5283854166666666 0.16990740740740742 0.030729166666666665 0.06018518518518519
6 0.33307291666666666 0.5018518518518519 0.0171875 0.08518518518518518
3 0.34739583333333335 0.5189814814814815 0.013541666666666667 0.08796296296296297
3 0.3567708333333333 0.5226851851851853 0.013541666666666667 0.08425925925925926
0 0.39817708333333335 0.6268518518518519 0.008854166666666666 0.03518518518518519
0 0.44088541666666664 0.5671296296296297 0.009895833333333333 0.03425925925925926
0 0.47734375 0.5185185185185185 0.008854166666666666 0.031481481481481485
0 0.49609375 0.43333333333333335 0.0078125 0.02777777777777778
0 0.4984375 0.28750000000000003 0.005208333333333333 0.02314814814814815
2 0.4856770833333333 0.3125 0.0109375 0.012037037037037037
2 0.4966145833333333 0.33981481481481485 0.0067708333333333336 0.012962962962962964
2 0.48723958333333334 0.37083333333333335 0.0140625 0.012037037037037037
2 0.49374999999999997 0.4041666666666667 0.00625 0.017592592592592594
2 0.5020833333333333 0.47824074074074074 0.015625 0.017592592592592594
