7 0.5236979166666667 0.13564814814814816 0.03177083333333333 0.05462962962962963
6 0.3567708333333333 0.39722222222222225 0.014583333333333334 0.07407407407407407
3 0.3671875 0.4083333333333333 0.011458333333333333 0.07777777777777778
0 0.49713541666666666 0.23472222222222222 0.008854166666666666 0.026851851851851852
0 0.49453125 0.34953703703703703 0.0078125 0.025
0 0.4786458333333333 0.412962962962963 0.011458333333333333 0.02777777777777778
0 0.4473958333333333 0.4481481481481482 0.0125 0.031481481481481485
0 0.4114583333333333 0.49259259259259264 0.010416666666666666 0.03333333333333333
2 0.48541666666666666 0.25601851851851853 0.014583333333333334 0.012037037037037037
2 0.49557291666666664 0.27685185185185185 0.009895833333333333 0.016666666666666666
2 0.48723958333333334 0.2990740740740741 0.015104166666666667 0.016666666666666666
2 0.4921875 0.3277777777777778 0.009375 0.018518518518518517
2 0.49947916666666664 0.3842592592592593 0.016666666666666666 0.018518518518518517
