0 0.43645833333333334 0.2935185185185185 0.007291666666666667 0.024074074074074074
0 0.46015625 0.26944444444444443 0.0036458333333333334 0.014814814814814815
0 0.4828125 0.25092592592592594 0.005208333333333333 0.018518518518518517
0 0.4947916666666667 0.2337962962962963 0.004166666666666667 0.017592592592592594
0 0.4940104166666667 0.2175925925925926 0.0046875 0.016666666666666666
0 0.4940104166666667 0.20185185185185187 0.0046875 0.012962962962962964
0 0.4940104166666667 0.18472222222222223 0.0046875 0.01388888888888889
0 0.49322916666666666 0.16990740740740742 0.004166666666666667 0.012037037037037037
0 0.4940104166666667 0.15694444444444444 0.0046875 0.010185185185185186
0 0.4940104166666667 0.1449074074074074 0.0046875 0.01388888888888889
7 0.5145833333333333 0.08009259259259259 0.026041666666666668 0.04351851851851852
3 0.46328125 0.23101851851851854 0.008854166666666666 0.05648148148148149
3 0.39921875 0.250462962962963 0.013020833333333334 0.05648148148148149
6 0.47604166666666664 0.21342592592592594 0.013541666666666667 0.05648148148148149
