0 0.43776041666666665 0.27824074074074073 0.0046875 0.019444444444444445
0 0.4609375 0.25833333333333336 0.004166666666666667 0.018518518518518517
0 0.4822916666666667 0.2425925925925926 0.005208333333333333 0.018518518518518517
0 0.4934895833333333 0.22314814814814815 0.0036458333333333334 0.014814814814814815
0 0.4921875 0.20694444444444446 0.004166666666666667 0.015740740740740743
0 0.4927083333333333 0.19398148148148148 0.004166666666666667 0.01388888888888889
0 0.4927083333333333 0.1814814814814815 0.004166666666666667 0.012962962962962964
0 0.4921875 0.16898148148148148 0.004166666666666667 0.01388888888888889
0 0.4921875 0.1564814814814815 0.004166666666666667 0.012962962962962964
0 0.4934895833333333 0.14305555555555557 0.0036458333333333334 0.015740740740740743
3 0.40078125 0.23935185185185187 0.011979166666666666 0.05648148148148149
3 0.46328125 0.2199074074074074 0.009895833333333333 0.05462962962962963
6 0.47734375 0.20925925925925926 0.009895833333333333 0.05185185185185186
