3 0.4010416666666667 0.2388888888888889 0.010416666666666666 0.05555555555555556
3 0.4640625 0.22037037037037038 0.010416666666666666 0.053703703703703705
6 0.4765625 0.2064814814814815 0.009375 0.053703703703703705
0 0.43776041666666665 0.2777777777777778 0.0046875 0.018518518518518517
0 0.4609375 0.2569444444444445 0.004166666666666667 0.019444444444444445
0 0.48203124999999997 0.24074074074074076 0.0036458333333333334 0.016666666666666666
0 0.49322916666666666 0.22175925925925927 0.004166666666666667 0.017592592592592594
0 0.4927083333333333 0.2064814814814815 0.004166666666666667 0.016666666666666666
0 0.49296875 0.19398148148148148 0.0036458333333333334 0.01388888888888889
0 0.49296875 0.18055555555555555 0.0036458333333333334 0.012962962962962964
0 0.49296875 0.16712962962962963 0.0036458333333333334 0.015740740740740743
0 0.4927083333333333 0.15462962962962964 0.004166666666666667 0.012962962962962964
0 0.49322916666666666 0.14166666666666666 0.004166666666666667 0.014814814814814815
7 0.5127604166666666 0.07592592592592592 0.0234375 0.040740740740740744
