3 0.26484375 0.6814814814814815 0.022395833333333334 0.10370370370370371
3 0.4125 0.5449074074074074 0.015625 0.08981481481481482
5 0.46197916666666666 0.4953703703703704 0.017708333333333333 0.08518518518518518
4 0.4200520833333333 0.48333333333333334 0.01614583333333333 0.07962962962962963
0 0.37578125 0.7384259259259259 0.0109375 0.03981481481481482
0 0.4276041666666667 0.6620370370370371 0.010416666666666666 0.037037037037037035
0 0.4705729166666667 0.600925925925926 0.009895833333333333 0.03333333333333333
0 0.49296875 0.5430555555555556 0.008854166666666666 0.032407407407407406
0 0.49322916666666666 0.4949074074074074 0.008333333333333333 0.026851851851851852
0 0.49609375 0.45046296296296295 0.0078125 0.026851851851851852
0 0.49713541666666666 0.41203703703703703 0.0078125 0.024074074074074074
0 0.49765624999999997 0.37824074074074077 0.0067708333333333336 0.025
0 0.49973958333333335 0.3490740740740741 0.0067708333333333336 0.022222222222222223
0 0.5005208333333333 0.32175925925925924 0.00625 0.021296296296296296
7 0.5341145833333333 0.1875 0.0328125 0.058333333333333334
