7 0.5356770833333333 0.2638888888888889 0.034895833333333334 0.06481481481481481
0 0.5002604166666667 0.44212962962962965 0.0078125 0.026851851851851852
0 0.49505208333333334 0.700925925925926 0.009895833333333333 0.037037037037037035
0 0.4674479166666667 0.8773148148148149 0.011979166666666666 0.04537037037037037
0 0.41015625 0.9787037037037037 0.009895833333333333 0.040740740740740744
2 0.5028645833333333 0.788888888888889 0.0265625 0.022222222222222223
2 0.49244791666666665 0.6435185185185185 0.009895833333333333 0.02592592592592593
2 0.48515625 0.5819444444444445 0.019270833333333334 0.017592592592592594
2 0.4973958333333333 0.5277777777777778 0.007291666666666667 0.016666666666666666
2 0.48359375 0.48379629629629634 0.015104166666666667 0.01388888888888889
6 0.2520833333333333 0.8643518518518519 0.021875 0.11944444444444445
3 0.2708333333333333 0.9009259259259259 0.015625 0.13148148148148148
3 0.28671875 0.9115740740740741 0.015104166666666667 0.12685185185185185
