7 0.521875 0.13055555555555556 0.03333333333333333 0.05555555555555556
6 0.35703125 0.3805555555555556 0.01614583333333333 0.07222222222222223
3 0.37916666666666665 0.3939814814814815 0.013541666666666667 0.0712962962962963
0 0.49609375 0.2263888888888889 0.008854166666666666 0.025
0 0.4934895833333333 0.337037037037037 0.0078125 0.02777777777777778
0 0.47890625 0.3990740740740741 0.008854166666666666 0.02962962962962963
0 0.4484375 0.4314814814814815 0.010416666666666666 0.03333333333333333
0 0.41354166666666664 0.47361111111111115 0.009375 0.03425925925925926
2 0.48515625 0.24722222222222223 0.011979166666666666 0.012962962962962964
2 0.49453125 0.26712962962962966 0.0067708333333333336 0.012037037037037037
2 0.48723958333333334 0.2902777777777778 0.0140625 0.015740740740740743
2 0.4921875 0.3162037037037037 0.010416666666666666 0.015740740740740743
2 0.49947916666666664 0.36944444444444446 0.016666666666666666 0.016666666666666666
