3 0.26796875 0.6726851851851852 0.022395833333333334 0.10277777777777779
3 0.4140625 0.5412037037037037 0.015625 0.09351851851851853
5 0.46171875 0.4902777777777778 0.018229166666666668 0.08425925925925926
4 0.4200520833333333 0.47870370370370374 0.0140625 0.07962962962962963
0 0.3776041666666667 0.7287037037037037 0.010416666666666666 0.03888888888888889
0 0.42864583333333334 0.6537037037037037 0.010416666666666666 0.037037037037037035
0 0.4713541666666667 0.5939814814814816 0.009375 0.032407407407407406
0 0.4934895833333333 0.5375 0.008854166666666666 0.030555555555555558
0 0.4934895833333333 0.48935185185185187 0.008854166666666666 0.028703703703703703
0 0.49635416666666665 0.44583333333333336 0.008333333333333333 0.026851851851851852
0 0.49713541666666666 0.4083333333333333 0.0078125 0.024074074074074074
0 0.4979166666666667 0.37453703703703706 0.007291666666666667 0.02314814814814815
0 0.5 0.3458333333333333 0.007291666666666667 0.02314814814814815
0 0.50078125 0.3180555555555556 0.0067708333333333336 0.021296296296296296
7 0.5341145833333333 0.18611111111111112 0.0328125 0.05740740740740741
