3 0.30625 0.5412037037037037 0.020833333333333332 0.08796296296296297
3 0.4223958333333333 0.44953703703703707 0.013541666666666667 0.08055555555555556
4 0.43463541666666666 0.4138888888888889 0.0140625 0.07592592592592592
5 0.4671875 0.42592592592592593 0.015625 0.07962962962962963
0 0.3997395833333333 0.5875 0.008854166666666666 0.03425925925925926
0 0.4419270833333333 0.5333333333333333 0.009895833333333333 0.031481481481481485
0 0.4783854166666667 0.48703703703703705 0.008854166666666666 0.031481481481481485
0 0.4973958333333333 0.44583333333333336 0.009375 0.025
0 0.4973958333333333 0.4078703703703704 0.007291666666666667 0.025
0 0.49973958333333335 0.3731481481481482 0.0078125 0.024074074074074074
0 0.5002604166666667 0.3425925925925926 0.0067708333333333336 0.022222222222222223
0 0.5005208333333333 0.3162037037037037 0.00625 0.021296296296296296
0 0.5026041666666666 0.29212962962962963 0.00625 0.021296296296296296
0 0.503125 0.26944444444444443 0.00625 0.020370370370370372
0 0.5330729166666667 0.15601851851851853 0.030729166666666665 0.05277777777777778
