3 0.3885416666666667 0.8398148148148148 0.028125 0.12962962962962962
4 0.3854166666666667 0.7268518518518519 0.025 0.09444444444444444
5 0.44921875 0.7453703703703703 0.021354166666666667 0.12037037037037038
7 0.53671875 0.26944444444444443 0.0421875 0.07037037037037037
0 0.4817708333333333 0.8787037037037038 0.016666666666666666 0.0462962962962963
0 0.4830729166666667 0.7800925925925927 0.011979166666666666 0.04351851851851852
0 0.4875 0.6944444444444444 0.0125 0.037037037037037035
0 0.48984374999999997 0.6240740740740741 0.015104166666666667 0.040740740740740744
0 0.4903645833333333 0.5648148148148149 0.008854166666666666 0.03518518518518519
0 0.49322916666666666 0.5148148148148148 0.009375 0.031481481481481485
0 0.49557291666666664 0.4712962962962963 0.009895833333333333 0.02592592592592593
