3 0.3098958333333333 0.5282407407407408 0.019791666666666666 0.08611111111111111
5 0.4640625 0.42685185185185187 0.014583333333333334 0.07777777777777778
3 0.42526041666666664 0.4416666666666667 0.011979166666666666 0.07777777777777778
4 0.4302083333333333 0.40046296296296297 0.014583333333333334 0.04351851851851852
7 0.5328125 0.1513888888888889 0.030208333333333334 0.05092592592592593
0 0.503125 0.2638888888888889 0.00625 0.020370370370370372
0 0.50234375 0.28611111111111115 0.0067708333333333336 0.020370370370370372
0 0.5005208333333333 0.3101851851851852 0.007291666666666667 0.022222222222222223
0 0.5002604166666667 0.3365740740740741 0.0067708333333333336 0.02314814814814815
0 0.49921875 0.3662037037037037 0.0078125 0.02314814814814815
0 0.49765624999999997 0.4 0.0078125 0.024074074074074074
0 0.49713541666666666 0.4361111111111111 0.008854166666666666 0.02592592592592593
0 0.47890625 0.4777777777777778 0.008854166666666666 0.02777777777777778
0 0.44296874999999997 0.5208333333333334 0.008854166666666666 0.030555555555555558
0 0.40130208333333334 0.5740740740740741 0.009895833333333333 0.03333333333333333
