3 0.30859375 0.5296296296296297 0.0203125 0.08703703703703704
4 0.42135416666666664 0.4013888888888889 0.009375 0.03425925925925926
3 0.4244791666666667 0.4444444444444445 0.013541666666666667 0.07592592592592592
5 0.4635416666666667 0.4287037037037037 0.015625 0.07962962962962963
0 0.3997395833333333 0.575462962962963 0.009895833333333333 0.030555555555555558
0 0.4419270833333333 0.5217592592592593 0.009895833333333333 0.032407407407407406
0 0.47760416666666666 0.47824074074074074 0.008333333333333333 0.030555555555555558
0 0.49635416666666665 0.437962962962963 0.009375 0.02592592592592593
0 0.496875 0.40092592592592596 0.007291666666666667 0.024074074074074074
0 0.4981770833333333 0.3680555555555556 0.0078125 0.021296296296296296
0 0.49895833333333334 0.3375 0.008333333333333333 0.02314814814814815
0 0.5 0.3111111111111111 0.007291666666666667 0.020370370370370372
0 0.5013020833333334 0.28750000000000003 0.0078125 0.017592592592592594
0 0.5020833333333333 0.2657407407407408 0.00625 0.020370370370370372
7 0.53203125 0.15324074074074073 0.0296875 0.05092592592592593
