3 0.28515625 0.7763888888888889 0.024479166666666666 0.13055555555555556
3 0.43463541666666666 0.6564814814814816 0.027604166666666666 0.10740740740740741
4 0.43645833333333334 0.562962962962963 0.02395833333333333 0.09444444444444444
6 0.47291666666666665 0.49212962962962964 0.02395833333333333 0.09722222222222222
7 0.5234375 0.22037037037037038 0.0375 0.06851851851851852
0 0.3640625 0.9180555555555556 0.01875 0.05462962962962963
0 0.42265625 0.8101851851851852 0.018229166666666668 0.044444444444444446
0 0.4734375 0.7319444444444445 0.01875 0.05092592592592593
0 0.4940104166666667 0.649537037037037 0.021354166666666667 0.03796296296296296
0 0.4903645833333333 0.5912037037037037 0.0109375 0.03796296296296296
0 0.4921875 0.5351851851851852 0.022916666666666665 0.044444444444444446
0 0.4927083333333333 0.487962962962963 0.011458333333333333 0.03888888888888889
0 0.4927083333333333 0.44953703703703707 0.013541666666666667 0.04351851851851852
0 0.4908854166666667 0.41203703703703703 0.009895833333333333 0.031481481481481485
0 0.49140625 0.3726851851851852 0.011979166666666666 0.028703703703703703
