3 0.3924479166666667 0.287962962962963 0.011979166666666666 0.061111111111111116
3 0.46848958333333335 0.25833333333333336 0.009895833333333333 0.05740740740740741
4 0.440625 0.25972222222222224 0.010416666666666666 0.05277777777777778
6 0.47578125 0.24212962962962964 0.009895833333333333 0.05648148148148149
0 0.43385416666666665 0.33333333333333337 0.007291666666666667 0.024074074074074074
0 0.459375 0.3074074074074074 0.007291666666666667 0.024074074074074074
0 0.4828125 0.28564814814814815 0.008333333333333333 0.02314814814814815
0 0.49505208333333334 0.26481481481481484 0.0046875 0.022222222222222223
0 0.4940104166666667 0.2476851851851852 0.005729166666666666 0.021296296296296296
0 0.4942708333333333 0.22870370370370371 0.005208333333333333 0.018518518518518517
0 0.4940104166666667 0.21157407407407408 0.005729166666666666 0.019444444444444445
0 0.4940104166666667 0.19814814814814816 0.005729166666666666 0.018518518518518517
0 0.49453125 0.18425925925925926 0.005729166666666666 0.016666666666666666
0 0.4942708333333333 0.16944444444444445 0.00625 0.018518518518518517
7 0.5153645833333333 0.09583333333333334 0.024479166666666666 0.04351851851851852
