3 0.26901041666666664 0.9199074074074074 0.033854166666666664 0.13796296296296298
3 0.4359375 0.7560185185185185 0.035416666666666666 0.11944444444444445
4 0.43046875 0.6370370370370371 0.028645833333333332 0.10740740740740741
6 0.4783854166666667 0.5513888888888889 0.0234375 0.10648148148148148
0 0.4270833333333333 0.9495370370370371 0.017708333333333333 0.05092592592592593
0 0.4783854166666667 0.8439814814814816 0.013020833333333334 0.05462962962962963
0 0.5041666666666667 0.7532407407407408 0.013541666666666667 0.04537037037037037
0 0.4984375 0.6699074074074074 0.0125 0.04537037037037037
0 0.5028645833333333 0.6064814814814815 0.01614583333333333 0.03333333333333333
0 0.49973958333333335 0.5518518518518519 0.013020833333333334 0.044444444444444446
0 0.4979166666666667 0.5092592592592593 0.013541666666666667 0.03888888888888889
0 0.4979166666666667 0.4638888888888889 0.014583333333333334 0.02592592592592593
0 0.4979166666666667 0.4203703703703704 0.013541666666666667 0.02592592592592593
7 0.52578125 0.250462962962963 0.044270833333333336 0.06018518518518519
