0 0.43723958333333335 0.27870370370370373 0.0046875 0.016666666666666666
0 0.46041666666666664 0.2611111111111111 0.004166666666666667 0.018518518518518517
0 0.48151041666666666 0.24166666666666667 0.0036458333333333334 0.016666666666666666
0 0.49296875 0.225 0.0036458333333333334 0.016666666666666666
0 0.4921875 0.20925925925925926 0.004166666666666667 0.014814814814814815
0 0.4927083333333333 0.19398148148148148 0.004166666666666667 0.015740740740740743
0 0.4927083333333333 0.17916666666666667 0.004166666666666667 0.015740740740740743
0 0.4927083333333333 0.16805555555555557 0.004166666666666667 0.01388888888888889
0 0.49296875 0.15925925925925927 0.0036458333333333334 0.016666666666666666
0 0.4927083333333333 0.1439814814814815 0.004166666666666667 0.017592592592592594
3 0.4002604166666667 0.24212962962962964 0.011979166666666666 0.05277777777777778
3 0.4630208333333333 0.22175925925925927 0.009375 0.05092592592592593
6 0.47578125 0.20972222222222223 0.008854166666666666 0.05277777777777778
7 0.51328125 0.0787037037037037 0.022395833333333334 0.037037037037037035
