0 0.43776041666666665 0.28101851851851856 0.0067708333333333336 0.021296296296296296
0 0.4614583333333333 0.25925925925925924 0.00625 0.020370370370370372
0 0.48333333333333334 0.2425925925925926 0.007291666666666667 0.020370370370370372
0 0.4947916666666667 0.22222222222222224 0.004166666666666667 0.020370370370370372
0 0.49322916666666666 0.20833333333333334 0.004166666666666667 0.016666666666666666
0 0.4940104166666667 0.19398148148148148 0.0036458333333333334 0.015740740740740743
0 0.4940104166666667 0.17916666666666667 0.0046875 0.015740740740740743
0 0.49322916666666666 0.1675925925925926 0.005208333333333333 0.014814814814814815
0 0.4940104166666667 0.15555555555555556 0.0046875 0.014814814814814815
0 0.4940104166666667 0.1425925925925926 0.0046875 0.016666666666666666
3 0.4640625 0.22175925925925927 0.011458333333333333 0.05462962962962963
3 0.4010416666666667 0.24074074074074076 0.011458333333333333 0.05555555555555556
6 0.47734375 0.20277777777777778 0.011979166666666666 0.05555555555555556
7 0.5140625 0.07592592592592592 0.026041666666666668 0.04259259259259259
