6 0.28854166666666664 0.7078703703703704 0.020833333333333332 0.10092592592592593
3 0.3059895833333333 0.7337962962962963 0.013020833333333334 0.11018518518518519
3 0.31927083333333334 0.7407407407407408 0.0125 0.10370370370370371
0 0.365625 0.9018518518518519 0.013541666666666667 0.0462962962962963
0 0.42473958333333334 0.799537037037037 0.011979166666666666 0.04351851851851852
0 0.47265625 0.7212962962962963 0.0109375 0.03888888888888889
0 0.49609375 0.5893518518518519 0.008854166666666666 0.030555555555555558
0 0.5 0.38101851851851853 0.007291666666666667 0.02314814814814815
2 0.484375 0.4134259259259259 0.013541666666666667 0.015740740740740743
2 0.4979166666666667 0.4513888888888889 0.00625 0.01388888888888889
2 0.4864583333333333 0.49583333333333335 0.016666666666666666 0.015740740740740743
2 0.49322916666666666 0.5444444444444445 0.008333333333333333 0.022222222222222223
2 0.503125 0.6546296296296297 0.020833333333333332 0.024074074074074074
7 0.53359375 0.22314814814814815 0.03802083333333333 0.06851851851851852
