3 0.3846354166666667 0.3199074074074074 0.0140625 0.06574074074074074
3 0.4622395833333333 0.2837962962962963 0.013020833333333334 0.06018518518518519
4 0.44479166666666664 0.2865740740740741 0.011458333333333333 0.06018518518518519
6 0.4783854166666667 0.2657407407407408 0.0109375 0.05925925925925926
0 0.42890625 0.3689814814814815 0.008854166666666666 0.025
0 0.45677083333333335 0.33981481481481485 0.007291666666666667 0.02592592592592593
0 0.48125 0.31574074074074077 0.007291666666666667 0.02592592592592593
0 0.4947916666666667 0.29212962962962963 0.007291666666666667 0.02314814814814815
0 0.49322916666666666 0.27083333333333337 0.00625 0.02314814814814815
0 0.49453125 0.2523148148148148 0.0067708333333333336 0.021296296296296296
0 0.49374999999999997 0.23333333333333334 0.007291666666666667 0.020370370370370372
0 0.49322916666666666 0.2162037037037037 0.00625 0.017592592592592594
0 0.4942708333333333 0.20324074074074075 0.007291666666666667 0.017592592592592594
0 0.49453125 0.1865740740740741 0.005729166666666666 0.019444444444444445
7 0.5158854166666667 0.10740740740740741 0.025520833333333333 0.044444444444444446
