0 0.43645833333333334 0.29583333333333334 0.00625 0.021296296296296296
0 0.4609375 0.274537037037037 0.005208333333333333 0.019444444444444445
0 0.4828125 0.25601851851851853 0.005208333333333333 0.019444444444444445
0 0.4953125 0.23611111111111113 0.004166666666666667 0.018518518518518517
0 0.4940104166666667 0.22083333333333335 0.0046875 0.015740740740740743
0 0.4940104166666667 0.2064814814814815 0.0046875 0.018518518518518517
0 0.4940104166666667 0.18842592592592594 0.0046875 0.015740740740740743
0 0.4934895833333333 0.17453703703703705 0.0036458333333333334 0.012037037037037037
0 0.4942708333333333 0.16527777777777777 0.003125 0.01388888888888889
0 0.4940104166666667 0.15046296296296297 0.0036458333333333334 0.015740740740740743
7 0.5145833333333333 0.08240740740740742 0.026041666666666668 0.040740740740740744
3 0.46328125 0.23425925925925928 0.009895833333333333 0.05925925925925926
3 0.3984375 0.2564814814814815 0.013541666666666667 0.05925925925925926
6 0.4765625 0.2162037037037037 0.013541666666666667 0.05462962962962963
