3 0.3091145833333333 0.5319444444444444 0.0203125 0.08611111111111111
3 0.42473958333333334 0.4439814814814815 0.011979166666666666 0.07685185185185185
4 0.4315104166666667 0.41250000000000003 0.011979166666666666 0.07314814814814816
5 0.46822916666666664 0.425462962962963 0.014583333333333334 0.0787037037037037
0 0.4010416666666667 0.5768518518518518 0.008333333333333333 0.031481481481481485
0 0.44296874999999997 0.5240740740740741 0.008854166666666666 0.031481481481481485
0 0.47890625 0.4800925925925926 0.0078125 0.028703703703703703
0 0.49765624999999997 0.43842592592592594 0.0078125 0.025
0 0.49765624999999997 0.4013888888888889 0.0078125 0.025
0 0.49973958333333335 0.3675925925925926 0.0078125 0.024074074074074074
0 0.50078125 0.3375 0.0067708333333333336 0.02314814814814815
0 0.5010416666666666 0.31157407407407406 0.007291666666666667 0.021296296296296296
0 0.5026041666666666 0.28750000000000003 0.007291666666666667 0.021296296296296296
0 0.5028645833333333 0.2652777777777778 0.0067708333333333336 0.021296296296296296
7 0.5333333333333333 0.15185185185185185 0.03125 0.05
