3 0.3065104166666667 0.5365740740740741 0.0203125 0.08611111111111111
3 0.42343749999999997 0.4462962962962963 0.013541666666666667 0.08148148148148149
5 0.4674479166666667 0.425462962962963 0.015104166666666667 0.08055555555555556
4 0.43385416666666665 0.4134259259259259 0.013541666666666667 0.07314814814814816
0 0.4005208333333333 0.5837962962962964 0.009375 0.03425925925925926
0 0.4419270833333333 0.5287037037037037 0.008854166666666666 0.03333333333333333
0 0.47812499999999997 0.4847222222222222 0.008333333333333333 0.028703703703703703
0 0.4973958333333333 0.4416666666666667 0.008333333333333333 0.02592592592592593
0 0.4979166666666667 0.4050925925925926 0.007291666666666667 0.025
0 0.49947916666666664 0.37083333333333335 0.007291666666666667 0.02314814814814815
0 0.5 0.34120370370370373 0.008333333333333333 0.021296296296296296
0 0.50078125 0.3143518518518519 0.0067708333333333336 0.02314814814814815
0 0.5020833333333333 0.2898148148148148 0.007291666666666667 0.020370370370370372
0 0.5028645833333333 0.26805555555555555 0.0067708333333333336 0.017592592592592594
7 0.5325520833333334 0.15324074074074073 0.030729166666666665 0.049074074074074076
