7 0.49557291666666664 0.13842592592592592 0.0296875 0.05092592592592593
0 0.47630208333333335 0.32453703703703707 0.0067708333333333336 0.025
0 0.47812499999999997 0.3523148148148148 0.007291666666666667 0.025
0 0.47890625 0.3824074074074074 0.0078125 0.02777777777777778
0 0.48020833333333335 0.4175925925925926 0.008333333333333333 0.02962962962962963
0 0.4817708333333333 0.45833333333333337 0.009375 0.02962962962962963
0 0.4828125 0.5027777777777778 0.009375 0.02962962962962963
0 0.4861979166666667 0.5513888888888889 0.009895833333333333 0.036111111111111115
0 0.45729166666666665 0.6111111111111112 0.011458333333333333 0.037037037037037035
0 0.428125 0.6773148148148148 0.013541666666666667 0.04166666666666667
0 0.3888020833333333 0.7569444444444444 0.011979166666666666 0.04351851851851852
5 0.41354166666666664 0.47453703703703703 0.016666666666666666 0.08981481481481482
8 0.4309895833333333 0.4625 0.01614583333333333 0.08240740740740742
5 0.46484375 0.45416666666666666 0.018229166666666668 0.08425925925925926
3 0.41875 0.9569444444444445 0.030208333333333334 0.08425925925925926
