4 0.40963541666666664 0.5430555555555556 0.01614583333333333 0.09351851851851853
5 0.39296875 0.5550925925925926 0.0140625 0.09907407407407408
0 0.40260416666666665 0.9444444444444445 0.014583333333333334 0.05555555555555556
0 0.44166666666666665 0.8300925925925926 0.015625 0.05092592592592593
0 0.48020833333333335 0.7402777777777778 0.011458333333333333 0.04166666666666667
0 0.47734375 0.6601851851851852 0.011979166666666666 0.040740740740740744
0 0.475 0.5939814814814816 0.011458333333333333 0.03796296296296296
0 0.4747395833333333 0.5388888888888889 0.0078125 0.037037037037037035
0 0.47265625 0.48935185185185187 0.0109375 0.032407407407407406
0 0.4713541666666667 0.44583333333333336 0.008333333333333333 0.028703703703703703
0 0.47031249999999997 0.40601851851851856 0.00625 0.030555555555555558
7 0.49322916666666666 0.17222222222222222 0.03229166666666666 0.053703703703703705
