7 0.4927083333333333 0.16527777777777777 0.035416666666666666 0.062037037037037036
0 0.46640624999999997 0.4361111111111111 0.009895833333333333 0.031481481481481485
0 0.46770833333333334 0.4828703703703704 0.010416666666666666 0.032407407407407406
0 0.4671875 0.5361111111111111 0.010416666666666666 0.03518518518518519
0 0.46979166666666666 0.5972222222222222 0.010416666666666666 0.03888888888888889
0 0.46901041666666665 0.6699074074074074 0.013020833333333334 0.04166666666666667
0 0.47031249999999997 0.7564814814814815 0.013541666666666667 0.0462962962962963
0 0.47265625 0.8601851851851852 0.015104166666666667 0.05
0 0.42734374999999997 0.9810185185185185 0.009895833333333333 0.03796296296296296
12 0.43333333333333335 0.7439814814814815 0.027083333333333334 0.11944444444444445
11 0.3984375 0.7157407407407408 0.020833333333333332 0.11666666666666667
12 0.35963541666666665 0.8037037037037037 0.028645833333333332 0.13333333333333333
