3 0.4236979166666667 0.8560185185185185 0.0234375 0.12685185185185185
5 0.4127604166666667 0.4513888888888889 0.01614583333333333 0.08425925925925926
5 0.46796875 0.4375 0.01614583333333333 0.0787037037037037
8 0.44166666666666665 0.4425925925925926 0.015625 0.07962962962962963
0 0.3966145833333333 0.6722222222222223 0.0109375 0.03888888888888889
0 0.4317708333333333 0.6060185185185185 0.010416666666666666 0.03796296296296296
0 0.45859374999999997 0.549074074074074 0.008854166666666666 0.03518518518518519
0 0.48593749999999997 0.4986111111111111 0.009375 0.03425925925925926
0 0.4830729166666667 0.4537037037037037 0.008854166666666666 0.03333333333333333
0 0.4817708333333333 0.41574074074074074 0.007291666666666667 0.02962962962962963
0 0.4809895833333333 0.3814814814814815 0.0078125 0.02777777777777778
0 0.47890625 0.3513888888888889 0.0067708333333333336 0.025
0 0.47890625 0.3212962962962963 0.0078125 0.024074074074074074
0 0.47812499999999997 0.29583333333333334 0.007291666666666667 0.02314814814814815
7 0.49635416666666665 0.12453703703703704 0.028125 0.04722222222222222
