3 0.4341145833333333 0.6768518518518519 0.024479166666666666 0.11666666666666667
0 0.40781249999999997 0.5194444444444445 0.008333333333333333 0.03333333333333333
0 0.43723958333333335 0.4703703703703704 0.0078125 0.03333333333333333
0 0.4614583333333333 0.42592592592592593 0.005208333333333333 0.02777777777777778
0 0.48463541666666665 0.38981481481481484 0.0067708333333333336 0.02592592592592593
0 0.4822916666666667 0.3523148148148148 0.007291666666666667 0.025
0 0.4809895833333333 0.3194444444444445 0.0078125 0.024074074074074074
0 0.4809895833333333 0.2953703703703704 0.005729166666666666 0.024074074074074074
0 0.4796875 0.26805555555555555 0.00625 0.02314814814814815
0 0.4783854166666667 0.2439814814814815 0.0046875 0.012037037037037037
0 0.4765625 0.21944444444444444 0.005208333333333333 0.020370370370370372
12 0.44635416666666666 0.40370370370370373 0.017708333333333333 0.08518518518518518
12 0.4203125 0.4342592592592593 0.019791666666666666 0.08888888888888889
11 0.42473958333333334 0.3944444444444445 0.013020833333333334 0.0462962962962963
7 0.4953125 0.07268518518518519 0.03125 0.05092592592592593
