7 0.49374999999999997 0.14675925925925926 0.03125 0.06018518518518519
0 0.47421874999999997 0.33796296296296297 0.0078125 0.02777777777777778
0 0.47630208333333335 0.3689814814814815 0.0078125 0.026851851851851852
0 0.47682291666666665 0.4013888888888889 0.009895833333333333 0.030555555555555558
0 0.47890625 0.437962962962963 0.008854166666666666 0.02962962962962963
0 0.4796875 0.4800925925925926 0.009375 0.032407407407407406
0 0.4809895833333333 0.5287037037037037 0.011979166666666666 0.031481481481481485
0 0.48385416666666664 0.5819444444444445 0.011458333333333333 0.03425925925925926
0 0.4536458333333333 0.6430555555555556 0.0125 0.04166666666666667
0 0.42291666666666666 0.7166666666666667 0.0125 0.044444444444444446
0 0.38203125 0.8055555555555556 0.013020833333333334 0.04814814814814815
5 0.45677083333333335 0.46342592592592596 0.021875 0.08425925925925926
8 0.42083333333333334 0.47314814814814815 0.0125 0.08148148148148149
5 0.4088541666666667 0.4953703703703704 0.016666666666666666 0.09074074074074075
