7 0.4984375 0.05555555555555556 0.027083333333333334 0.044444444444444446
0 0.4828125 0.18333333333333335 0.007291666666666667 0.020370370370370372
0 0.48463541666666665 0.20092592592592592 0.0067708333333333336 0.018518518518518517
0 0.48463541666666665 0.2199074074074074 0.0067708333333333336 0.021296296296296296
0 0.4864583333333333 0.24166666666666667 0.007291666666666667 0.022222222222222223
0 0.4864583333333333 0.26342592592592595 0.008333333333333333 0.021296296296296296
0 0.48854166666666665 0.28750000000000003 0.008333333333333333 0.02314814814814815
0 0.4895833333333333 0.31527777777777777 0.008333333333333333 0.026851851851851852
0 0.46953125 0.3439814814814815 0.008854166666666666 0.028703703703703703
0 0.4484375 0.37824074074074077 0.007291666666666667 0.028703703703703703
3 0.44479166666666664 0.5217592592592593 0.01875 0.09166666666666667
12 0.4309895833333333 0.44351851851851853 0.019270833333333334 0.08888888888888889
12 0.45208333333333334 0.41805555555555557 0.016666666666666666 0.08055555555555556
11 0.4315104166666667 0.4078703703703704 0.015104166666666667 0.0712962962962963
0 0.4239583333333333 0.4152777777777778 0.00625 0.030555555555555558
