7 0.49192708333333335 0.17083333333333334 0.0328125 0.06018518518518519
0 0.46979166666666666 0.39814814814814814 0.009375 0.02962962962962963
0 0.4713541666666667 0.4351851851851852 0.009375 0.02962962962962963
0 0.47161458333333334 0.47685185185185186 0.009895833333333333 0.031481481481481485
0 0.47421874999999997 0.525 0.0109375 0.037037037037037035
0 0.47421874999999997 0.5782407407407407 0.011979166666666666 0.03425925925925926
0 0.475 0.6425925925925926 0.0125 0.040740740740740744
0 0.4791666666666667 0.7148148148148148 0.010416666666666666 0.04259259259259259
0 0.4419270833333333 0.8037037037037037 0.015104166666666667 0.0462962962962963
0 0.40390624999999997 0.9097222222222222 0.015104166666666667 0.05092592592592593
5 0.4322916666666667 0.5203703703703704 0.02395833333333333 0.08888888888888889
4 0.409375 0.5305555555555556 0.019791666666666666 0.0925925925925926
5 0.39166666666666666 0.5467592592592593 0.019791666666666666 0.10092592592592593
