7 0.49244791666666665 0.16944444444444445 0.033854166666666664 0.05185185185185186
0 0.4705729166666667 0.4013888888888889 0.009895833333333333 0.030555555555555558
0 0.47161458333333334 0.43703703703703706 0.008854166666666666 0.03333333333333333
0 0.471875 0.4810185185185185 0.011458333333333333 0.032407407407407406
0 0.4739583333333333 0.5268518518518519 0.009375 0.03518518518518519
0 0.475 0.5837962962962964 0.010416666666666666 0.03425925925925926
0 0.47682291666666665 0.6490740740740741 0.0109375 0.03888888888888889
0 0.4791666666666667 0.7226851851851852 0.0125 0.04166666666666667
0 0.4041666666666667 0.9217592592592593 0.014583333333333334 0.05277777777777778
0 0.4434895833333333 0.812962962962963 0.013020833333333334 0.04814814814814815
5 0.3924479166666667 0.5504629629629629 0.0171875 0.09907407407407408
4 0.40911458333333334 0.5347222222222222 0.015104166666666667 0.09351851851851853
5 0.4315104166666667 0.5277777777777778 0.019270833333333334 0.08703703703703704
