7 0.4908854166666667 0.19398148148148148 0.03697916666666667 0.06944444444444445
0 0.4614583333333333 0.5203703703703704 0.011458333333333333 0.03518518518518519
0 0.4622395833333333 0.5800925925925926 0.011979166666666666 0.03796296296296296
0 0.4614583333333333 0.65 0.013541666666666667 0.04259259259259259
0 0.4627604166666667 0.7324074074074074 0.0140625 0.0462962962962963
0 0.4622395833333333 0.8328703703703704 0.015104166666666667 0.05277777777777778
0 0.4627604166666667 0.9564814814814815 0.01614583333333333 0.05555555555555556
12 0.4265625 0.7541666666666667 0.028125 0.1212962962962963
11 0.41015625 0.8069444444444445 0.022395833333333334 0.13055555555555556
12 0.35572916666666665 0.875 0.03125 0.14814814814814814
