3 0.428125 0.7847222222222222 0.022916666666666665 0.11944444444444445
5 0.41328125 0.4291666666666667 0.0171875 0.08425925925925926
5 0.46640624999999997 0.4226851851851852 0.01614583333333333 0.07685185185185185
8 0.4419270833333333 0.42962962962962964 0.0140625 0.07777777777777778
0 0.40130208333333334 0.625925925925926 0.009895833333333333 0.037037037037037035
0 0.43463541666666666 0.5657407407407408 0.009895833333333333 0.03518518518518519
0 0.46015625 0.513888888888889 0.009895833333333333 0.03333333333333333
0 0.48541666666666666 0.4675925925925926 0.008333333333333333 0.031481481481481485
0 0.4830729166666667 0.4287037037037037 0.008854166666666666 0.02962962962962963
0 0.4817708333333333 0.3925925925925926 0.008333333333333333 0.02777777777777778
0 0.48151041666666666 0.36064814814814816 0.0078125 0.026851851851851852
0 0.4791666666666667 0.3314814814814815 0.007291666666666667 0.024074074074074074
0 0.47890625 0.30462962962962964 0.0067708333333333336 0.02592592592592593
0 0.4778645833333333 0.28194444444444444 0.005729166666666666 0.021296296296296296
7 0.49583333333333335 0.11712962962962964 0.028125 0.04722222222222222
