0 0.4322916666666667 0.9773148148148149 0.0125 0.04351851851851852
0 0.47578125 0.8615740740740742 0.0140625 0.04722222222222222
0 0.47213541666666664 0.763425925925926 0.013020833333333334 0.04537037037037037
0 0.4705729166666667 0.6800925925925926 0.0109375 0.04166666666666667
0 0.4708333333333333 0.612037037037037 0.010416666666666666 0.03888888888888889
0 0.4669270833333333 0.45740740740740743 0.0078125 0.02962962962962963
0 0.46848958333333335 0.5023148148148149 0.008854166666666666 0.032407407407407406
0 0.46848958333333335 0.5532407407407408 0.0109375 0.03425925925925926
5 0.38567708333333334 0.6212962962962963 0.0171875 0.10555555555555556
4 0.390625 0.5967592592592593 0.016666666666666666 0.09907407407407408
6 0.4359375 0.575925925925926 0.016666666666666666 0.0962962962962963
7 0.49192708333333335 0.19166666666666668 0.033854166666666664 0.05925925925925926
