3 0.41510416666666666 0.8800925925925926 0.03854166666666667 0.14907407407407408
0 0.38776041666666666 0.6481481481481481 0.009895833333333333 0.037037037037037035
0 0.42552083333333335 0.5805555555555556 0.009375 0.040740740740740744
0 0.4536458333333333 0.5217592592592593 0.009375 0.03796296296296296
0 0.48020833333333335 0.47361111111111115 0.007291666666666667 0.032407407407407406
0 0.4783854166666667 0.42685185185185187 0.008854166666666666 0.031481481481481485
0 0.4778645833333333 0.38842592592592595 0.008854166666666666 0.030555555555555558
0 0.4770833333333333 0.35324074074074074 0.007291666666666667 0.030555555555555558
0 0.4752604166666667 0.32175925925925924 0.0067708333333333336 0.026851851851851852
0 0.4752604166666667 0.2925925925925926 0.0078125 0.022222222222222223
0 0.47421874999999997 0.26712962962962966 0.009895833333333333 0.025
12 0.46197916666666666 0.46574074074074073 0.020833333333333332 0.08888888888888889
12 0.4161458333333333 0.5027777777777778 0.021875 0.09814814814814815
11 0.42526041666666664 0.4444444444444445 0.015104166666666667 0.040740740740740744
7 0.49322916666666666 0.0925925925925926 0.03333333333333333 0.05740740740740741
