7 0.4984375 0.05462962962962963 0.026041666666666668 0.044444444444444446
0 0.48333333333333334 0.18194444444444446 0.005208333333333333 0.019444444444444445
0 0.48385416666666664 0.2 0.00625 0.018518518518518517
0 0.4848958333333333 0.21944444444444444 0.00625 0.020370370370370372
0 0.4864583333333333 0.23935185185185187 0.00625 0.019444444444444445
0 0.48723958333333334 0.2611111111111111 0.0078125 0.020370370370370372
0 0.48828125 0.28425925925925927 0.008854166666666666 0.024074074074074074
0 0.4903645833333333 0.31342592592592594 0.0078125 0.025
0 0.47031249999999997 0.3421296296296296 0.009375 0.028703703703703703
0 0.4497395833333333 0.3740740740740741 0.0078125 0.02962962962962963
0 0.42421875 0.41250000000000003 0.005729166666666666 0.030555555555555558
3 0.4453125 0.5175925925925926 0.01875 0.09074074074074075
12 0.4536458333333333 0.4189814814814815 0.01875 0.08425925925925926
12 0.4315104166666667 0.4444444444444445 0.0203125 0.08888888888888889
11 0.4328125 0.41111111111111115 0.015625 0.07592592592592592
