7 0.49296875 0.10092592592592593 0.03177083333333333 0.05185185185185186
3 0.40989583333333335 0.9425925925925926 0.035416666666666666 0.11111111111111112
12 0.459375 0.5078703703703704 0.020833333333333332 0.08981481481481482
12 0.41041666666666665 0.5263888888888889 0.026041666666666668 0.09907407407407408
11 0.4270833333333333 0.4949074074074074 0.020833333333333332 0.08796296296296297
0 0.47265625 0.28101851851851856 0.0078125 0.028703703703703703
0 0.4734375 0.3101851851851852 0.009375 0.02592592592592593
0 0.4739583333333333 0.34120370370370373 0.009375 0.026851851851851852
0 0.47552083333333334 0.3736111111111111 0.009375 0.030555555555555558
0 0.4765625 0.4115740740740741 0.009375 0.030555555555555558
0 0.4770833333333333 0.4527777777777778 0.010416666666666666 0.03518518518518519
0 0.47942708333333334 0.5023148148148149 0.0109375 0.03425925925925926
0 0.4505208333333333 0.5583333333333333 0.0125 0.037037037037037035
0 0.42135416666666664 0.6199074074074075 0.011458333333333333 0.04537037037037037
0 0.3833333333333333 0.6949074074074074 0.0125 0.04351851851851852
