0 0.4747395833333333 0.9194444444444445 0.015104166666666667 0.053703703703703705
0 0.47161458333333334 0.8106481481481482 0.0140625 0.04722222222222222
0 0.4700520833333333 0.7203703703703704 0.013020833333333334 0.044444444444444446
0 0.4700520833333333 0.6444444444444445 0.0109375 0.04259259259259259
0 0.46770833333333334 0.5805555555555556 0.010416666666666666 0.037037037037037035
0 0.46770833333333334 0.5259259259259259 0.010416666666666666 0.03518518518518519
0 0.4666666666666667 0.47731481481481486 0.009375 0.036111111111111115
5 0.3796875 0.6375000000000001 0.016666666666666666 0.11018518518518519
6 0.43697916666666664 0.5888888888888889 0.01875 0.09814814814814815
4 0.3841145833333333 0.6050925925925926 0.019270833333333334 0.09722222222222222
7 0.49244791666666665 0.20046296296296298 0.034895833333333334 0.062037037037037036
