0 0.46953125 0.9712962962962963 0.018229166666666668 0.053703703703703705
0 0.46848958333333335 0.8523148148148149 0.013020833333333334 0.05092592592592593
0 0.46822916666666664 0.7550925925925926 0.0125 0.04722222222222222
0 0.4661458333333333 0.674074074074074 0.013541666666666667 0.04259259259259259
0 0.46640624999999997 0.6064814814814815 0.011979166666666666 0.03888888888888889
0 0.4661458333333333 0.5486111111111112 0.010416666666666666 0.036111111111111115
6 0.44375 0.6351851851851852 0.019791666666666666 0.10555555555555556
4 0.38359375 0.6486111111111111 0.01614583333333333 0.10648148148148148
5 0.36171875 0.6819444444444445 0.01614583333333333 0.11388888888888889
7 0.4942708333333333 0.22453703703703703 0.036458333333333336 0.06574074074074074
