3 0.42213541666666665 0.787962962962963 0.027604166666666666 0.13148148148148148
0 0.3958333333333333 0.5884259259259259 0.008333333333333333 0.04351851851851852
0 0.43072916666666666 0.5319444444444444 0.007291666666666667 0.036111111111111115
0 0.45651041666666664 0.4814814814814815 0.0067708333333333336 0.031481481481481485
0 0.4828125 0.4342592592592593 0.005208333333333333 0.02777777777777778
0 0.4796875 0.3939814814814815 0.005208333333333333 0.02314814814814815
0 0.47890625 0.3592592592592593 0.005729166666666666 0.02777777777777778
0 0.4783854166666667 0.3263888888888889 0.0046875 0.019444444444444445
0 0.4765625 0.2976851851851852 0.005208333333333333 0.021296296296296296
0 0.4765625 0.27222222222222225 0.005208333333333333 0.022222222222222223
0 0.4752604166666667 0.2490740740740741 0.0067708333333333336 0.020370370370370372
12 0.4515625 0.4342592592592593 0.022916666666666665 0.08333333333333334
12 0.4158854166666667 0.47824074074074074 0.025520833333333333 0.09537037037037037
11 0.42473958333333334 0.42083333333333334 0.01614583333333333 0.05092592592592593
7 0.4940104166666667 0.08703703703703704 0.0265625 0.053703703703703705
