0 0.3859375 0.6648148148148149 0.007291666666666667 0.044444444444444446
0 0.42343749999999997 0.5967592592592593 0.007291666666666667 0.03425925925925926
0 0.45208333333333334 0.5370370370370371 0.009375 0.03333333333333333
0 0.48020833333333335 0.4865740740740741 0.010416666666666666 0.036111111111111115
0 0.47760416666666666 0.4393518518518519 0.008333333333333333 0.030555555555555558
0 0.4765625 0.40046296296296297 0.007291666666666667 0.028703703703703703
0 0.4765625 0.362962962962963 0.00625 0.022222222222222223
0 0.4747395833333333 0.33240740740740743 0.0067708333333333336 0.022222222222222223
0 0.4739583333333333 0.3037037037037037 0.00625 0.024074074074074074
0 0.47421874999999997 0.2740740740740741 0.005729166666666666 0.024074074074074074
12 0.46588541666666666 0.48240740740740745 0.0203125 0.09074074074074075
12 0.4122395833333333 0.5125000000000001 0.0203125 0.09722222222222222
11 0.42526041666666664 0.48240740740740745 0.01614583333333333 0.08888888888888889
7 0.49322916666666666 0.09907407407407408 0.03125 0.053703703703703705
