3 0.4395833333333333 0.6333333333333333 0.017708333333333333 0.1
5 0.42473958333333334 0.39212962962962966 0.015104166666666667 0.07685185185185185
5 0.47239583333333335 0.34953703703703703 0.0125 0.0712962962962963
8 0.4434895833333333 0.35185185185185186 0.013020833333333334 0.06851851851851852
0 0.41484375 0.5194444444444445 0.0078125 0.03333333333333333
0 0.4434895833333333 0.4740740740740741 0.008854166666666666 0.02962962962962963
0 0.4653645833333333 0.43333333333333335 0.0078125 0.02962962962962963
0 0.48802083333333335 0.39722222222222225 0.007291666666666667 0.02592592592592593
0 0.48593749999999997 0.3648148148148148 0.007291666666666667 0.02592592592592593
0 0.48515625 0.33611111111111114 0.0067708333333333336 0.022222222222222223
0 0.48463541666666665 0.3087962962962963 0.0067708333333333336 0.025
0 0.4825520833333333 0.2847222222222222 0.005729166666666666 0.02314814814814815
0 0.4825520833333333 0.26203703703703707 0.005729166666666666 0.022222222222222223
0 0.4817708333333333 0.24120370370370373 0.005208333333333333 0.02314814814814815
7 0.4984375 0.09953703703703703 0.026041666666666668 0.04351851851851852
