7 0.4947916666666667 0.06296296296296297 0.027083333333333334 0.044444444444444446
0 0.4778645833333333 0.19861111111111113 0.005729166666666666 0.019444444444444445
0 0.4796875 0.21944444444444444 0.008333333333333333 0.018518518518518517
0 0.4796875 0.24074074074074076 0.00625 0.020370370370370372
0 0.48151041666666666 0.26296296296296295 0.0078125 0.020370370370370372
0 0.48151041666666666 0.2847222222222222 0.0078125 0.025
0 0.4828125 0.31574074074074077 0.007291666666666667 0.02592592592592593
0 0.48541666666666666 0.34490740740740744 0.007291666666666667 0.025
0 0.4635416666666667 0.3791666666666667 0.010416666666666666 0.030555555555555558
0 0.44166666666666665 0.41574074074074074 0.008333333333333333 0.02962962962962963
0 0.4153645833333333 0.4564814814814815 0.009895833333333333 0.03333333333333333
12 0.4471354166666667 0.4134259259259259 0.015104166666666667 0.08055555555555556
12 0.4265625 0.4342592592592593 0.017708333333333333 0.08703703703703704
11 0.42604166666666665 0.39537037037037037 0.014583333333333334 0.053703703703703705
3 0.4354166666666667 0.5814814814814815 0.020833333333333332 0.1
