7 0.5033854166666667 0.046759259259259264 0.0265625 0.04166666666666667
0 0.48828125 0.16712962962962963 0.005729166666666666 0.017592592592592594
0 0.48984374999999997 0.18287037037037038 0.005729166666666666 0.017592592592592594
0 0.4901041666666667 0.19907407407407407 0.00625 0.018518518518518517
0 0.4921875 0.2189814814814815 0.00625 0.019444444444444445
0 0.4921875 0.2388888888888889 0.007291666666666667 0.020370370370370372
0 0.49322916666666666 0.2606481481481482 0.00625 0.02314814814814815
0 0.4953125 0.2847222222222222 0.007291666666666667 0.02314814814814815
0 0.47578125 0.31203703703703706 0.0067708333333333336 0.02777777777777778
0 0.4578125 0.34074074074074073 0.007291666666666667 0.02592592592592593
0 0.43463541666666666 0.3731481481481482 0.0078125 0.02777777777777778
3 0.4354166666666667 0.4203703703703704 0.014583333333333334 0.07222222222222223
3 0.45651041666666664 0.42962962962962964 0.0171875 0.07592592592592592
3 0.45468749999999997 0.4638888888888889 0.016666666666666666 0.08333333333333334
3 0.44036458333333334 0.4486111111111111 0.01614583333333333 0.08981481481481482
