7 0.49713541666666666 0.058333333333333334 0.025520833333333333 0.044444444444444446
0 0.48151041666666666 0.18842592592592594 0.0046875 0.019444444444444445
0 0.4828125 0.20740740740740743 0.00625 0.016666666666666666
0 0.48333333333333334 0.2263888888888889 0.007291666666666667 0.019444444444444445
0 0.48463541666666665 0.24722222222222223 0.0078125 0.022222222222222223
0 0.48541666666666666 0.27037037037037037 0.00625 0.024074074074074074
0 0.4864583333333333 0.29583333333333334 0.007291666666666667 0.025
0 0.4890625 0.3236111111111111 0.007291666666666667 0.025
0 0.46770833333333334 0.3560185185185185 0.008333333333333333 0.028703703703703703
0 0.44635416666666666 0.3888888888888889 0.005208333333333333 0.02962962962962963
3 0.44140625 0.5416666666666667 0.019270833333333334 0.09444444444444444
12 0.4515625 0.41805555555555557 0.016666666666666666 0.08055555555555556
12 0.42578125 0.4412037037037037 0.015104166666666667 0.09166666666666667
0 0.41953124999999997 0.43333333333333335 0.005729166666666666 0.018518518518518517
11 0.4341145833333333 0.4101851851851852 0.01614583333333333 0.07777777777777778
