3 0.42526041666666664 0.8120370370370371 0.021354166666666667 0.12222222222222223
5 0.4106770833333333 0.44027777777777777 0.019270833333333334 0.08055555555555556
5 0.46953125 0.4314814814814815 0.015104166666666667 0.07777777777777778
8 0.44088541666666664 0.4365740740740741 0.0171875 0.07685185185185185
0 0.39869791666666665 0.6425925925925926 0.009895833333333333 0.03888888888888889
0 0.43255208333333334 0.5814814814814815 0.009895833333333333 0.03518518518518519
0 0.4591145833333333 0.5277777777777778 0.009895833333333333 0.03518518518518519
0 0.4848958333333333 0.4810185185185185 0.008333333333333333 0.030555555555555558
0 0.4825520833333333 0.44027777777777777 0.0078125 0.028703703703703703
0 0.48125 0.40231481481481485 0.007291666666666667 0.028703703703703703
0 0.48072916666666665 0.3689814814814815 0.007291666666666667 0.026851851851851852
0 0.47890625 0.33935185185185185 0.0078125 0.025
0 0.4783854166666667 0.3125 0.0067708333333333336 0.025
0 0.4778645833333333 0.28611111111111115 0.005729166666666666 0.024074074074074074
7 0.49557291666666664 0.12083333333333333 0.027604166666666666 0.04722222222222222
