3 0.4296875 0.7388888888888889 0.020833333333333332 0.11296296296296297
5 0.41692708333333334 0.41111111111111115 0.01614583333333333 0.08148148148148149
5 0.4661458333333333 0.39675925925925926 0.016666666666666666 0.0712962962962963
8 0.44557291666666665 0.40601851851851856 0.013020833333333334 0.07314814814814816
0 0.4036458333333333 0.5944444444444444 0.009375 0.03518518518518519
0 0.4356770833333333 0.5388888888888889 0.009895833333333333 0.03333333333333333
0 0.46041666666666664 0.4902777777777778 0.009375 0.032407407407407406
0 0.48515625 0.4476851851851852 0.0078125 0.028703703703703703
0 0.4828125 0.40925925925925927 0.008333333333333333 0.02962962962962963
0 0.48151041666666666 0.3763888888888889 0.0078125 0.026851851851851852
0 0.48151041666666666 0.3453703703703704 0.0078125 0.02592592592592593
0 0.47942708333333334 0.3180555555555556 0.0067708333333333336 0.026851851851851852
0 0.47890625 0.2925925925925926 0.0067708333333333336 0.022222222222222223
0 0.47812499999999997 0.27175925925925926 0.00625 0.02314814814814815
7 0.49635416666666665 0.1125 0.027083333333333334 0.04537037037037037
