7 0.49192708333333335 0.15972222222222224 0.03177083333333333 0.05648148148148149
0 0.4708333333333333 0.3736111111111111 0.00625 0.026851851851851852
0 0.47161458333333334 0.40601851851851856 0.0078125 0.028703703703703703
0 0.47265625 0.4449074074074074 0.008854166666666666 0.028703703703703703
0 0.475 0.48842592592592593 0.008333333333333333 0.028703703703703703
0 0.4747395833333333 0.5365740740740741 0.009895833333333333 0.032407407407407406
0 0.4765625 0.5930555555555556 0.010416666666666666 0.03425925925925926
0 0.4791666666666667 0.6564814814814816 0.010416666666666666 0.037037037037037035
0 0.44635416666666666 0.7333333333333334 0.0125 0.040740740740740744
0 0.4106770833333333 0.8240740740740741 0.0140625 0.05
0 0.36276041666666664 0.9342592592592593 0.015104166666666667 0.05185185185185186
5 0.43515624999999997 0.4898148148148148 0.0203125 0.08703703703703704
8 0.40703125 0.5 0.0203125 0.08888888888888889
5 0.3966145833333333 0.5217592592592593 0.01614583333333333 0.09351851851851853
