7 0.49322916666666666 0.17916666666666667 0.034375 0.05277777777777778
5 0.3888020833333333 0.5847222222222223 0.015104166666666667 0.10462962962962963
4 0.40234375 0.5703703703703704 0.009895833333333333 0.09444444444444444
6 0.43385416666666665 0.549537037037037 0.016666666666666666 0.09166666666666667
0 0.4388020833333333 0.8870370370370371 0.01614583333333333 0.04814814814814815
0 0.4786458333333333 0.7824074074074074 0.013541666666666667 0.04814814814814815
0 0.47578125 0.6990740740740741 0.011979166666666666 0.04259259259259259
0 0.4731770833333333 0.6268518518518519 0.0140625 0.03888888888888889
0 0.47213541666666664 0.5671296296296297 0.009895833333333333 0.03796296296296296
0 0.4708333333333333 0.513425925925926 0.010416666666666666 0.032407407407407406
0 0.46848958333333335 0.42685185185185187 0.009895833333333333 0.031481481481481485
0 0.4705729166666667 0.46805555555555556 0.0067708333333333336 0.032407407407407406
