7 0.4953125 0.06157407407407408 0.026041666666666668 0.04537037037037037
0 0.4783854166666667 0.1953703703703704 0.005729166666666666 0.022222222222222223
0 0.4796875 0.21666666666666667 0.005208333333333333 0.020370370370370372
0 0.48020833333333335 0.23657407407407408 0.007291666666666667 0.019444444444444445
0 0.4828125 0.25787037037037036 0.00625 0.02314814814814815
0 0.4828125 0.2828703703703704 0.008333333333333333 0.02314814814814815
0 0.48411458333333335 0.30833333333333335 0.0078125 0.024074074074074074
0 0.48593749999999997 0.3388888888888889 0.007291666666666667 0.02592592592592593
0 0.46458333333333335 0.3717592592592593 0.010416666666666666 0.028703703703703703
0 0.4421875 0.41064814814814815 0.007291666666666667 0.026851851851851852
0 0.4166666666666667 0.44953703703703707 0.009375 0.032407407407407406
12 0.44895833333333335 0.4138888888888889 0.017708333333333333 0.08148148148148149
12 0.42890625 0.4351851851851852 0.019270833333333334 0.08703703703703704
11 0.4278645833333333 0.3990740740740741 0.0171875 0.05740740740740741
3 0.43645833333333334 0.5722222222222223 0.020833333333333332 0.10185185185185186
