7 0.49635416666666665 0.13194444444444445 0.03125 0.05092592592592593
0 0.47734375 0.31342592592592594 0.009895833333333333 0.026851851851851852
0 0.47942708333333334 0.33981481481481485 0.0078125 0.02592592592592593
0 0.48072916666666665 0.37222222222222223 0.009375 0.02592592592592593
0 0.4822916666666667 0.4050925925925926 0.011458333333333333 0.028703703703703703
0 0.48333333333333334 0.44027777777777777 0.013541666666666667 0.030555555555555558
0 0.48411458333333335 0.4847222222222222 0.009895833333333333 0.030555555555555558
0 0.48723958333333334 0.5328703703703704 0.009895833333333333 0.030555555555555558
0 0.45989583333333334 0.587037037037037 0.011458333333333333 0.03333333333333333
0 0.43124999999999997 0.6509259259259259 0.0125 0.03888888888888889
0 0.39375 0.725925925925926 0.011458333333333333 0.03888888888888889
5 0.4671875 0.44722222222222224 0.015625 0.07592592592592592
8 0.43984375 0.4550925925925926 0.0171875 0.08240740740740742
5 0.4127604166666667 0.46435185185185185 0.0140625 0.08611111111111111
