3 0.42942708333333335 0.7532407407407408 0.021354166666666667 0.11574074074074074
5 0.4171875 0.41574074074074074 0.014583333333333334 0.08333333333333334
5 0.46822916666666664 0.4064814814814815 0.013541666666666667 0.07407407407407407
8 0.44296874999999997 0.412962962962963 0.01614583333333333 0.07407407407407407
0 0.403125 0.6037037037037037 0.009375 0.03518518518518519
0 0.4356770833333333 0.5472222222222223 0.008854166666666666 0.03333333333333333
0 0.4609375 0.49722222222222223 0.009375 0.03333333333333333
0 0.48541666666666666 0.4532407407407408 0.008333333333333333 0.030555555555555558
0 0.48333333333333334 0.41574074074074074 0.008333333333333333 0.02962962962962963
0 0.48203124999999997 0.38101851851851853 0.0078125 0.026851851851851852
0 0.4817708333333333 0.3509259259259259 0.007291666666666667 0.02592592592592593
0 0.47994791666666664 0.32222222222222224 0.0067708333333333336 0.024074074074074074
0 0.4796875 0.2972222222222222 0.00625 0.022222222222222223
0 0.4786458333333333 0.27361111111111114 0.00625 0.021296296296296296
7 0.49635416666666665 0.11435185185185186 0.027083333333333334 0.04537037037037037
