7 0.49244791666666665 0.10231481481481482 0.0328125 0.05462962962962963
0 0.47213541666666664 0.2898148148148148 0.0067708333333333336 0.02777777777777778
0 0.4731770833333333 0.31851851851851853 0.008854166666666666 0.02777777777777778
0 0.47291666666666665 0.3472222222222222 0.0125 0.02962962962962963
0 0.47578125 0.38472222222222224 0.009895833333333333 0.030555555555555558
0 0.47604166666666664 0.4222222222222222 0.010416666666666666 0.03333333333333333
0 0.47760416666666666 0.46435185185185185 0.011458333333333333 0.03981481481481482
0 0.47994791666666664 0.5143518518518518 0.0140625 0.036111111111111115
0 0.45 0.5717592592592593 0.013541666666666667 0.04166666666666667
0 0.4203125 0.637962962962963 0.014583333333333334 0.040740740740740744
0 0.38046875 0.7166666666666667 0.015104166666666667 0.0462962962962963
12 0.40911458333333334 0.5416666666666667 0.022395833333333334 0.10185185185185186
12 0.45807291666666666 0.5310185185185186 0.021354166666666667 0.09351851851851853
11 0.4315104166666667 0.5032407407407408 0.0171875 0.09166666666666667
3 0.4075520833333333 0.9606481481481481 0.033854166666666664 0.07314814814814816
