7 0.49296875 0.10601851851851853 0.034895833333333334 0.05462962962962963
3 0.4041666666666667 0.9819444444444445 0.020833333333333332 0.028703703703703703
12 0.4075520833333333 0.5662037037037038 0.0234375 0.10462962962962963
12 0.4588541666666667 0.5486111111111112 0.026041666666666668 0.10277777777777779
11 0.4296875 0.5226851851851853 0.019791666666666666 0.10277777777777779
0 0.47291666666666665 0.2986111111111111 0.008333333333333333 0.026851851851851852
0 0.4734375 0.3282407407407408 0.009375 0.028703703703703703
0 0.4739583333333333 0.3611111111111111 0.010416666666666666 0.031481481481481485
0 0.4752604166666667 0.3962962962962963 0.009895833333333333 0.03333333333333333
0 0.4770833333333333 0.437962962962963 0.011458333333333333 0.03518518518518519
0 0.47734375 0.48379629629629634 0.0109375 0.036111111111111115
0 0.48046875 0.537962962962963 0.011979166666666666 0.03888888888888889
0 0.45 0.5972222222222222 0.0125 0.04259259259259259
0 0.4184895833333333 0.6694444444444445 0.0140625 0.04259259259259259
0 0.378125 0.7527777777777778 0.0125 0.0462962962962963
