7 0.4921875 0.1050925925925926 0.03125 0.05462962962962963
12 0.45807291666666666 0.525462962962963 0.022395833333333334 0.09166666666666667
12 0.40989583333333335 0.5370370370370371 0.021875 0.10555555555555556
11 0.42890625 0.5013888888888889 0.018229166666666668 0.09166666666666667
0 0.47239583333333335 0.2865740740740741 0.008333333333333333 0.030555555555555558
0 0.47369791666666666 0.31666666666666665 0.008854166666666666 0.02592592592592593
0 0.4734375 0.3462962962962963 0.010416666666666666 0.02962962962962963
0 0.47552083333333334 0.41944444444444445 0.010416666666666666 0.03333333333333333
0 0.4765625 0.4620370370370371 0.010416666666666666 0.03518518518518519
0 0.4791666666666667 0.5120370370370371 0.011458333333333333 0.03518518518518519
0 0.44947916666666665 0.5675925925925926 0.011458333333333333 0.037037037037037035
0 0.4203125 0.6328703703703704 0.0125 0.04166666666666667
0 0.3815104166666667 0.7097222222222223 0.015104166666666667 0.04537037037037037
3 0.40598958333333335 0.9555555555555556 0.033854166666666664 0.08518518518518518
