7 0.4973958333333333 0.05787037037037037 0.025 0.04351851851851852
0 0.48072916666666665 0.18981481481481483 0.00625 0.018518518518518517
0 0.4828125 0.22824074074074074 0.007291666666666667 0.021296296296296296
0 0.48203124999999997 0.20740740740740743 0.005729166666666666 0.018518518518518517
0 0.48463541666666665 0.24861111111111112 0.005729166666666666 0.025
0 0.48463541666666665 0.27175925925925926 0.0078125 0.025
0 0.4864583333333333 0.2976851851851852 0.008333333333333333 0.025
0 0.48854166666666665 0.32685185185185184 0.007291666666666667 0.02592592592592593
0 0.4671875 0.3574074074074074 0.009375 0.02777777777777778
0 0.44609375 0.39351851851851855 0.0067708333333333336 0.02962962962962963
3 0.44088541666666664 0.5444444444444445 0.019270833333333334 0.09444444444444444
12 0.42526041666666664 0.4393518518518519 0.018229166666666668 0.09166666666666667
12 0.45260416666666664 0.4152777777777778 0.015625 0.08055555555555556
11 0.4354166666666667 0.40925925925925927 0.014583333333333334 0.07777777777777778
