7 0.4940104166666667 0.06527777777777778 0.0265625 0.04351851851851852
0 0.4770833333333333 0.20370370370370372 0.008333333333333333 0.024074074074074074
0 0.4783854166666667 0.22314814814814815 0.0078125 0.024074074074074074
0 0.47890625 0.24444444444444446 0.008854166666666666 0.022222222222222223
0 0.48020833333333335 0.2675925925925926 0.008333333333333333 0.024074074074074074
0 0.48151041666666666 0.2935185185185185 0.008854166666666666 0.02592592592592593
0 0.48151041666666666 0.32175925925925924 0.008854166666666666 0.026851851851851852
0 0.48463541666666665 0.3523148148148148 0.008854166666666666 0.026851851851851852
0 0.46197916666666666 0.38703703703703707 0.011458333333333333 0.031481481481481485
0 0.4395833333333333 0.425462962962963 0.009375 0.030555555555555558
0 0.41354166666666664 0.4689814814814815 0.010416666666666666 0.03425925925925926
12 0.4471354166666667 0.41064814814814815 0.0171875 0.08055555555555556
12 0.42473958333333334 0.4324074074074074 0.0203125 0.08888888888888889
3 0.43072916666666666 0.5990740740740741 0.02395833333333333 0.10370370370370371
