7 0.49296875 0.12962962962962962 0.033854166666666664 0.05185185185185186
12 0.39088541666666665 0.687962962962963 0.025520833333333333 0.12037037037037038
12 0.4591145833333333 0.6648148148148149 0.028645833333333332 0.11111111111111112
11 0.4125 0.6291666666666667 0.020833333333333332 0.10833333333333334
0 0.4705729166666667 0.35324074074074074 0.008854166666666666 0.030555555555555558
0 0.4713541666666667 0.3875 0.010416666666666666 0.030555555555555558
0 0.47161458333333334 0.4273148148148148 0.008854166666666666 0.032407407407407406
0 0.47369791666666666 0.47314814814814815 0.0109375 0.03518518518518519
0 0.4731770833333333 0.525 0.011979166666666666 0.03518518518518519
0 0.4747395833333333 0.5833333333333334 0.011979166666666666 0.03888888888888889
0 0.47812499999999997 0.6532407407407408 0.011458333333333333 0.03981481481481482
0 0.44166666666666665 0.7342592592592593 0.013541666666666667 0.044444444444444446
0 0.4044270833333333 0.8319444444444445 0.01614583333333333 0.05277777777777778
0 0.353125 0.9523148148148148 0.015625 0.058333333333333334
