7 0.4947916666666667 0.13935185185185187 0.030208333333333334 0.05462962962962963
0 0.4752604166666667 0.33055555555555555 0.0067708333333333336 0.02962962962962963
0 0.47630208333333335 0.3597222222222222 0.008854166666666666 0.028703703703703703
0 0.4770833333333333 0.3925925925925926 0.008333333333333333 0.02962962962962963
0 0.4796875 0.42824074074074076 0.008333333333333333 0.030555555555555558
0 0.48046875 0.46805555555555556 0.009895833333333333 0.03425925925925926
0 0.4817708333333333 0.513425925925926 0.009375 0.032407407407407406
0 0.48463541666666665 0.5671296296296297 0.0109375 0.03981481481481482
0 0.45546875 0.625462962962963 0.0109375 0.03981481481481482
0 0.42526041666666664 0.6972222222222223 0.011979166666666666 0.044444444444444446
0 0.38515625 0.7796296296296297 0.011979166666666666 0.0462962962962963
3 0.41510416666666666 0.9731481481481482 0.03333333333333333 0.05185185185185186
5 0.46041666666666664 0.45925925925925926 0.01875 0.08148148148148149
8 0.42291666666666666 0.46851851851851856 0.016666666666666666 0.08148148148148149
5 0.41119791666666666 0.4842592592592593 0.0171875 0.08888888888888889
