7 0.4934895833333333 0.14537037037037037 0.03177083333333333 0.053703703703703705
0 0.47421874999999997 0.3425925925925926 0.0078125 0.02777777777777778
0 0.4752604166666667 0.3712962962962963 0.0078125 0.02777777777777778
0 0.47578125 0.4050925925925926 0.0078125 0.028703703703703703
0 0.4778645833333333 0.44212962962962965 0.008854166666666666 0.030555555555555558
0 0.4783854166666667 0.4842592592592593 0.008854166666666666 0.031481481481481485
0 0.48046875 0.5328703703703704 0.009895833333333333 0.03425925925925926
0 0.48359375 0.5875 0.009895833333333333 0.03425925925925926
0 0.453125 0.65 0.010416666666666666 0.040740740740740744
0 0.4223958333333333 0.7245370370370371 0.011458333333333333 0.04166666666666667
0 0.3802083333333333 0.8120370370370371 0.013541666666666667 0.0462962962962963
5 0.45677083333333335 0.46574074074074073 0.017708333333333333 0.08333333333333334
8 0.4203125 0.47731481481481486 0.015625 0.08611111111111111
5 0.4075520833333333 0.49444444444444446 0.0171875 0.0962962962962963
