7 0.4940104166666667 0.11342592592592593 0.0328125 0.05648148148148149
12 0.4044270833333333 0.5986111111111111 0.0265625 0.11388888888888889
12 0.4591145833333333 0.5851851851851853 0.0203125 0.1
11 0.42604166666666665 0.5518518518518519 0.021875 0.09814814814814815
7 0.47239583333333335 0.312962962962963 0.008333333333333333 0.02777777777777778
7 0.4739583333333333 0.34444444444444444 0.009375 0.02777777777777778
7 0.47291666666666665 0.3768518518518519 0.010416666666666666 0.031481481481481485
7 0.4752604166666667 0.4152777777777778 0.011979166666666666 0.032407407407407406
7 0.47578125 0.45925925925925926 0.011979166666666666 0.03518518518518519
7 0.4770833333333333 0.5097222222222222 0.010416666666666666 0.03796296296296296
7 0.47942708333333334 0.5671296296296297 0.013020833333333334 0.036111111111111115
7 0.44817708333333334 0.6319444444444444 0.013020833333333334 0.04166666666666667
7 0.4153645833333333 0.7092592592592593 0.015104166666666667 0.0462962962962963
7 0.371875 0.8018518518518519 0.013541666666666667 0.05
