0 0.43124999999999997 0.9828703703703704 0.011458333333333333 0.032407407407407406
0 0.47578125 0.8712962962962963 0.0140625 0.05
0 0.47239583333333335 0.7717592592592593 0.013541666666666667 0.04722222222222222
0 0.4700520833333333 0.687962962962963 0.013020833333333334 0.04259259259259259
0 0.46979166666666666 0.6166666666666667 0.011458333333333333 0.03888888888888889
0 0.46822916666666664 0.5564814814814815 0.010416666666666666 0.037037037037037035
0 0.46848958333333335 0.5046296296296297 0.0109375 0.037037037037037035
0 0.46770833333333334 0.46111111111111114 0.009375 0.03333333333333333
5 0.3854166666666667 0.6240740740740741 0.01875 0.10740740740740741
4 0.3875 0.5976851851851852 0.016666666666666666 0.09537037037037037
6 0.43723958333333335 0.5777777777777778 0.018229166666666668 0.09814814814814815
7 0.49114583333333334 0.19351851851851853 0.03333333333333333 0.05740740740740741
