7 0.49322916666666666 0.11064814814814815 0.03333333333333333 0.05277777777777778
12 0.40546875 0.5888888888888889 0.025520833333333333 0.10925925925925926
12 0.4591145833333333 0.5750000000000001 0.019270833333333334 0.0962962962962963
11 0.42864583333333334 0.5430555555555556 0.019791666666666666 0.09907407407407408
0 0.47291666666666665 0.3078703703703704 0.008333333333333333 0.028703703703703703
0 0.47369791666666666 0.3388888888888889 0.009895833333333333 0.02962962962962963
0 0.47369791666666666 0.3726851851851852 0.0109375 0.030555555555555558
0 0.47578125 0.40972222222222227 0.0109375 0.032407407407407406
0 0.4765625 0.45231481481481484 0.011458333333333333 0.03425925925925926
0 0.4770833333333333 0.5 0.010416666666666666 0.03888888888888889
0 0.4796875 0.5560185185185186 0.0125 0.03796296296296296
0 0.44921875 0.6212962962962963 0.013020833333333334 0.044444444444444446
0 0.41640625 0.6953703703703704 0.0140625 0.044444444444444446
0 0.37421875 0.7842592592592593 0.0140625 0.05
