7 0.49244791666666665 0.16712962962962963 0.0328125 0.06018518518518519
0 0.47031249999999997 0.3907407407407408 0.009375 0.02777777777777778
0 0.471875 0.42685185185185187 0.009375 0.02962962962962963
0 0.471875 0.46620370370370373 0.010416666666666666 0.030555555555555558
0 0.4739583333333333 0.5111111111111112 0.010416666666666666 0.03333333333333333
0 0.475 0.5638888888888889 0.010416666666666666 0.03518518518518519
0 0.4765625 0.625462962962963 0.010416666666666666 0.03796296296296296
0 0.4796875 0.6958333333333334 0.011458333333333333 0.03796296296296296
0 0.44427083333333334 0.7782407407407408 0.013541666666666667 0.04351851851851852
0 0.40703125 0.8791666666666667 0.0140625 0.05092592592592593
0 0.35390625 0.987037037037037 0.011979166666666666 0.024074074074074074
5 0.44244791666666666 0.5050925925925926 0.018229166666666668 0.08981481481481482
4 0.4075520833333333 0.5185185185185185 0.019270833333333334 0.08888888888888889
5 0.3963541666666667 0.5370370370370371 0.016666666666666666 0.09814814814814815
