0 0.3989583333333333 0.925 0.017708333333333333 0.05925925925925926
0 0.43984375 0.8092592592592593 0.01614583333333333 0.053703703703703705
0 0.47421874999999997 0.6365740740740741 0.013020833333333334 0.04351851851851852
0 0.47291666666666665 0.5694444444444444 0.014583333333333334 0.044444444444444446
0 0.4739583333333333 0.5115740740740741 0.013541666666666667 0.04166666666666667
0 0.4708333333333333 0.4625 0.010416666666666666 0.03981481481481482
0 0.4708333333333333 0.4175925925925926 0.011458333333333333 0.03518518518518519
0 0.46979166666666666 0.38101851851851853 0.010416666666666666 0.03425925925925926
7 0.4940104166666667 0.14305555555555557 0.033854166666666664 0.062037037037037036
11 0.40208333333333335 0.6541666666666667 0.02395833333333333 0.11203703703703705
12 0.4671875 0.7375 0.019791666666666666 0.11944444444444445
12 0.3859375 0.7439814814814815 0.026041666666666668 0.13240740740740742
