3 0.43333333333333335 0.6699074074074074 0.022916666666666665 0.10833333333333334
0 0.40703125 0.512962962962963 0.008854166666666666 0.03888888888888889
0 0.43776041666666665 0.46620370370370373 0.0078125 0.030555555555555558
0 0.4609375 0.4236111111111111 0.007291666666666667 0.030555555555555558
0 0.48411458333333335 0.38287037037037036 0.005729166666666666 0.025
0 0.48151041666666666 0.34953703703703703 0.0046875 0.025
0 0.4809895833333333 0.3199074074074074 0.0078125 0.025
0 0.4796875 0.29074074074074074 0.007291666666666667 0.024074074074074074
0 0.4791666666666667 0.25972222222222224 0.00625 0.02314814814814815
0 0.4783854166666667 0.24027777777777778 0.0046875 0.015740740740740743
0 0.4783854166666667 0.22037037037037038 0.0067708333333333336 0.018518518518518517
12 0.41901041666666666 0.4291666666666667 0.0171875 0.08611111111111111
12 0.44635416666666666 0.4050925925925926 0.020833333333333332 0.08055555555555556
11 0.42213541666666665 0.3888888888888889 0.0140625 0.031481481481481485
7 0.4953125 0.07546296296296297 0.027083333333333334 0.04722222222222222
