7 0.49140625 0.18611111111111112 0.03697916666666667 0.06851851851851852
0 0.4627604166666667 0.49768518518518523 0.009895833333333333 0.03425925925925926
0 0.4635416666666667 0.5550925925925926 0.010416666666666666 0.036111111111111115
0 0.46197916666666666 0.6194444444444445 0.0125 0.040740740740740744
0 0.46458333333333335 0.6953703703703704 0.011458333333333333 0.044444444444444446
0 0.4635416666666667 0.787962962962963 0.014583333333333334 0.0462962962962963
0 0.4640625 0.900462962962963 0.016666666666666666 0.05462962962962963
12 0.3609375 0.8537037037037037 0.03125 0.1425925925925926
12 0.42473958333333334 0.7652777777777778 0.024479166666666666 0.12685185185185185
11 0.38385416666666666 0.7925925925925926 0.02395833333333333 0.12592592592592594
