0 0.46770833333333334 0.4361111111111111 0.008333333333333333 0.02962962962962963
0 0.46875 0.47824074074074074 0.010416666666666666 0.030555555555555558
0 0.46953125 0.5263888888888889 0.009895833333333333 0.032407407407407406
0 0.4713541666666667 0.5810185185185185 0.009375 0.036111111111111115
0 0.4356770833333333 0.9166666666666667 0.011979166666666666 0.053703703703703705
0 0.47604166666666664 0.8087962962962963 0.008333333333333333 0.04722222222222222
0 0.4734375 0.7203703703703704 0.008333333333333333 0.04259259259259259
0 0.47239583333333335 0.6439814814814815 0.011458333333333333 0.03796296296296296
7 0.4927083333333333 0.18472222222222223 0.022916666666666665 0.062037037037037036
5 0.384375 0.6 0.011458333333333333 0.10185185185185186
4 0.3984375 0.5810185185185185 0.014583333333333334 0.09722222222222222
6 0.44036458333333334 0.5583333333333333 0.018229166666666668 0.10185185185185186
