7 0.4942708333333333 0.14212962962962963 0.03125 0.0638888888888889
12 0.4671875 0.7300925925925926 0.019791666666666666 0.12314814814814816
12 0.3846354166666667 0.7384259259259259 0.030729166666666665 0.13425925925925927
11 0.4010416666666667 0.650462962962963 0.02395833333333333 0.11018518518518519
0 0.4395833333333333 0.8013888888888889 0.015625 0.05462962962962963
0 0.4747395833333333 0.6319444444444444 0.0109375 0.04537037037037037
0 0.4734375 0.5643518518518519 0.013541666666666667 0.04166666666666667
0 0.47291666666666665 0.5069444444444444 0.010416666666666666 0.03981481481481482
0 0.4708333333333333 0.4564814814814815 0.011458333333333333 0.03518518518518519
0 0.47161458333333334 0.41435185185185186 0.0109375 0.030555555555555558
0 0.47031249999999997 0.37592592592592594 0.011458333333333333 0.03518518518518519
0 0.3997395833333333 0.9115740740740741 0.018229166666666668 0.062037037037037036
