3 0.42291666666666666 0.8949074074074075 0.02395833333333333 0.13425925925925927
5 0.4119791666666667 0.45740740740740743 0.014583333333333334 0.08703703703703704
5 0.46875 0.44212962962962965 0.014583333333333334 0.08055555555555556
8 0.44114583333333335 0.4462962962962963 0.014583333333333334 0.07962962962962963
0 0.39479166666666665 0.6958333333333334 0.010416666666666666 0.04166666666666667
0 0.43124999999999997 0.6263888888888889 0.010416666666666666 0.03796296296296296
0 0.4591145833333333 0.5662037037037038 0.009895833333333333 0.036111111111111115
0 0.4864583333333333 0.5148148148148148 0.009375 0.03333333333333333
0 0.48385416666666664 0.4675925925925926 0.008333333333333333 0.031481481481481485
0 0.48203124999999997 0.4277777777777778 0.008854166666666666 0.02962962962962963
0 0.48203124999999997 0.3912037037037037 0.008854166666666666 0.028703703703703703
0 0.4796875 0.3597222222222222 0.007291666666666667 0.026851851851851852
0 0.4791666666666667 0.32916666666666666 0.007291666666666667 0.026851851851851852
0 0.4778645833333333 0.3023148148148148 0.0067708333333333336 0.02314814814814815
7 0.49609375 0.12824074074074074 0.028645833333333332 0.04722222222222222
