7 0.49166666666666664 0.17685185185185187 0.035416666666666666 0.06666666666666667
0 0.4640625 0.4763888888888889 0.010416666666666666 0.032407407407407406
0 0.46458333333333335 0.5291666666666667 0.011458333333333333 0.036111111111111115
0 0.4640625 0.5907407407407408 0.013541666666666667 0.03888888888888889
0 0.4666666666666667 0.6611111111111111 0.011458333333333333 0.04259259259259259
0 0.46588541666666666 0.7458333333333333 0.0140625 0.04537037037037037
0 0.4666666666666667 0.8481481481481482 0.013541666666666667 0.05
0 0.46901041666666665 0.9736111111111111 0.0171875 0.05277777777777778
12 0.35833333333333334 0.8291666666666667 0.026041666666666668 0.14351851851851852
12 0.41302083333333334 0.7518518518518519 0.03125 0.11851851851851852
11 0.37083333333333335 0.750462962962963 0.020833333333333332 0.11574074074074074
