7 0.49296875 0.10694444444444445 0.03177083333333333 0.05462962962962963
3 0.40572916666666664 0.9814814814814815 0.027083333333333334 0.03518518518518519
12 0.40729166666666666 0.5611111111111111 0.025 0.10740740740740741
12 0.4583333333333333 0.549074074074074 0.021875 0.0962962962962963
11 0.42916666666666664 0.5194444444444445 0.01875 0.0962962962962963
0 0.47239583333333335 0.2962962962962963 0.010416666666666666 0.02777777777777778
0 0.47369791666666666 0.3263888888888889 0.009895833333333333 0.028703703703703703
0 0.4739583333333333 0.3592592592592593 0.011458333333333333 0.02962962962962963
0 0.47604166666666664 0.39351851851851855 0.011458333333333333 0.031481481481481485
0 0.47682291666666665 0.4342592592592593 0.009895833333333333 0.03333333333333333
0 0.4770833333333333 0.4800925925925926 0.011458333333333333 0.03425925925925926
0 0.48046875 0.5328703703703704 0.013020833333333334 0.036111111111111115
0 0.45026041666666666 0.5944444444444444 0.011979166666666666 0.03888888888888889
0 0.41953124999999997 0.6620370370370371 0.015104166666666667 0.04259259259259259
0 0.37890625 0.7453703703703703 0.015104166666666667 0.04814814814814815
