7 0.49973958333333335 0.05462962962962963 0.025520833333333333 0.0462962962962963
0 0.48463541666666665 0.1800925925925926 0.005729166666666666 0.019444444444444445
0 0.48541666666666666 0.19675925925925927 0.00625 0.017592592592592594
0 0.48593749999999997 0.2162037037037037 0.007291666666666667 0.019444444444444445
0 0.48776041666666664 0.23611111111111113 0.0078125 0.018518518518518517
0 0.48854166666666665 0.2574074074074074 0.007291666666666667 0.022222222222222223
0 0.4890625 0.28194444444444444 0.007291666666666667 0.025
0 0.4908854166666667 0.3074074074074074 0.0078125 0.02592592592592593
0 0.4708333333333333 0.3365740740740741 0.009375 0.028703703703703703
0 0.4515625 0.3689814814814815 0.008333333333333333 0.026851851851851852
3 0.4473958333333333 0.5087962962962963 0.01875 0.08981481481481482
12 0.45286458333333335 0.4217592592592593 0.019270833333333334 0.07685185185185185
12 0.4328125 0.4449074074074074 0.020833333333333332 0.09166666666666667
11 0.4328125 0.4050925925925926 0.015625 0.062037037037037036
