3 0.425 0.8212962962962963 0.021875 0.12407407407407407
5 0.4109375 0.4449074074074074 0.017708333333333333 0.08055555555555556
5 0.46770833333333334 0.43333333333333335 0.016666666666666666 0.07962962962962963
8 0.4421875 0.43842592592592594 0.014583333333333334 0.0787037037037037
0 0.39791666666666664 0.649537037037037 0.010416666666666666 0.03796296296296296
0 0.4328125 0.5875 0.009375 0.03425925925925926
0 0.4588541666666667 0.5324074074074074 0.009375 0.03518518518518519
0 0.48515625 0.4842592592592593 0.008854166666666666 0.031481481481481485
0 0.4825520833333333 0.44212962962962965 0.0078125 0.028703703703703703
0 0.48125 0.4050925925925926 0.008333333333333333 0.028703703703703703
0 0.4809895833333333 0.37083333333333335 0.0067708333333333336 0.028703703703703703
0 0.4786458333333333 0.34120370370370373 0.007291666666666667 0.026851851851851852
0 0.47812499999999997 0.31342592592592594 0.007291666666666667 0.025
0 0.47760416666666666 0.2888888888888889 0.00625 0.024074074074074074
7 0.49557291666666664 0.12222222222222223 0.028645833333333332 0.04814814814814815
