7 0.4921875 0.15601851851851853 0.03125 0.058333333333333334
0 0.47161458333333334 0.3601851851851852 0.0067708333333333336 0.02592592592592593
0 0.47265625 0.3912037037037037 0.0067708333333333336 0.026851851851851852
0 0.4734375 0.42824074074074076 0.009375 0.028703703703703703
0 0.47578125 0.4689814814814815 0.008854166666666666 0.030555555555555558
0 0.47604166666666664 0.5143518518518518 0.009375 0.03425925925925926
0 0.4770833333333333 0.5680555555555555 0.010416666666666666 0.036111111111111115
0 0.48072916666666665 0.6277777777777778 0.011458333333333333 0.03888888888888889
0 0.44869791666666664 0.6986111111111112 0.0109375 0.04166666666666667
0 0.41510416666666666 0.7824074074074074 0.013541666666666667 0.044444444444444446
0 0.3690104166666667 0.8833333333333334 0.0140625 0.04814814814814815
5 0.4473958333333333 0.48333333333333334 0.020833333333333332 0.08703703703703704
8 0.41328125 0.49212962962962964 0.01614583333333333 0.08611111111111111
5 0.396875 0.5148148148148148 0.017708333333333333 0.0925925925925926
