0 0.46848958333333335 0.4300925925925926 0.005729166666666666 0.028703703703703703
0 0.4692708333333333 0.47314814814814815 0.009375 0.031481481481481485
0 0.46901041666666665 0.5189814814814815 0.009895833333333333 0.030555555555555558
0 0.4713541666666667 0.5712962962962963 0.010416666666666666 0.03333333333333333
0 0.47239583333333335 0.6324074074074074 0.011458333333333333 0.037037037037037035
0 0.4734375 0.7060185185185186 0.010416666666666666 0.04166666666666667
0 0.47734375 0.7912037037037037 0.011979166666666666 0.04166666666666667
0 0.4375 0.8976851851851853 0.011458333333333333 0.04722222222222222
5 0.3872395833333333 0.5898148148148148 0.0140625 0.10185185185185186
4 0.3997395833333333 0.5731481481481482 0.0109375 0.0925925925925926
6 0.434375 0.5523148148148148 0.016666666666666666 0.09722222222222222
7 0.4921875 0.18055555555555555 0.034375 0.05555555555555556
