3 0.4236979166666667 0.837962962962963 0.022395833333333334 0.12592592592592594
5 0.41354166666666664 0.4486111111111111 0.016666666666666666 0.08240740740740742
5 0.4666666666666667 0.4361111111111111 0.016666666666666666 0.07777777777777778
8 0.4432291666666667 0.4412037037037037 0.014583333333333334 0.08055555555555556
0 0.3971354166666667 0.6611111111111111 0.0109375 0.03888888888888889
0 0.43203125 0.5953703703703704 0.0109375 0.037037037037037035
0 0.4588541666666667 0.5393518518518519 0.010416666666666666 0.03425925925925926
0 0.48515625 0.49074074074074076 0.008854166666666666 0.03333333333333333
0 0.4825520833333333 0.4476851851851852 0.008854166666666666 0.032407407407407406
0 0.48125 0.41064814814814815 0.008333333333333333 0.028703703703703703
0 0.4809895833333333 0.375462962962963 0.0078125 0.026851851851851852
0 0.4791666666666667 0.3458333333333333 0.008333333333333333 0.026851851851851852
0 0.4786458333333333 0.3175925925925926 0.007291666666666667 0.02592592592592593
0 0.47760416666666666 0.29305555555555557 0.007291666666666667 0.02314814814814815
7 0.49557291666666664 0.12314814814814816 0.028645833333333332 0.04814814814814815
