7 0.5041666666666667 0.04537037037037037 0.025 0.040740740740740744
0 0.43463541666666666 0.3699074074074074 0.0078125 0.026851851851851852
0 0.4583333333333333 0.3388888888888889 0.007291666666666667 0.02592592592592593
0 0.4765625 0.3092592592592593 0.007291666666666667 0.02592592592592593
0 0.4953125 0.28194444444444444 0.007291666666666667 0.025
0 0.4940104166666667 0.25833333333333336 0.0078125 0.022222222222222223
0 0.4927083333333333 0.23611111111111113 0.007291666666666667 0.020370370370370372
0 0.4921875 0.2152777777777778 0.005208333333333333 0.021296296296296296
0 0.4903645833333333 0.19814814814814816 0.005729166666666666 0.018518518518518517
0 0.4903645833333333 0.18101851851851852 0.005729166666666666 0.017592592592592594
0 0.4890625 0.16435185185185186 0.004166666666666667 0.019444444444444445
3 0.43776041666666665 0.41944444444444445 0.0140625 0.07407407407407407
3 0.4552083333333333 0.4287037037037037 0.016666666666666666 0.07777777777777778
3 0.45468749999999997 0.45833333333333337 0.016666666666666666 0.08333333333333334
3 0.4395833333333333 0.44537037037037036 0.01875 0.08703703703703704
