0 0.4734375 0.9777777777777779 0.0125 0.03888888888888889
0 0.47109375 0.8652777777777778 0.0140625 0.049074074074074076
0 0.4692708333333333 0.7648148148148148 0.013541666666666667 0.0462962962962963
0 0.46901041666666665 0.6824074074074075 0.013020833333333334 0.044444444444444446
0 0.4671875 0.6134259259259259 0.011458333333333333 0.03796296296296296
0 0.4669270833333333 0.5532407407407408 0.011979166666666666 0.036111111111111115
0 0.46640624999999997 0.5023148148148149 0.011979166666666666 0.03425925925925926
6 0.43723958333333335 0.6097222222222223 0.0171875 0.10092592592592593
4 0.3953125 0.6212962962962963 0.021875 0.10370370370370371
5 0.378125 0.6541666666666667 0.017708333333333333 0.11388888888888889
7 0.4927083333333333 0.20740740740740743 0.035416666666666666 0.06296296296296297
