7 0.4921875 0.18055555555555555 0.036458333333333336 0.06666666666666667
0 0.4640625 0.4814814814814815 0.010416666666666666 0.03518518518518519
0 0.46458333333333335 0.5337962962962963 0.010416666666666666 0.036111111111111115
0 0.46458333333333335 0.5967592592592593 0.010416666666666666 0.03796296296296296
0 0.4666666666666667 0.6689814814814815 0.011458333333333333 0.04166666666666667
0 0.46588541666666666 0.7546296296296297 0.013020833333333334 0.0462962962962963
0 0.46588541666666666 0.8583333333333334 0.015104166666666667 0.05
0 0.46901041666666665 0.9791666666666667 0.0109375 0.04166666666666667
12 0.3578125 0.8291666666666667 0.028125 0.13796296296296298
12 0.4171875 0.7583333333333334 0.027083333333333334 0.12407407407407407
11 0.37395833333333334 0.7578703703703704 0.020833333333333332 0.11944444444444445
