7 0.4947916666666667 0.06157407407407408 0.026041666666666668 0.04537037037037037
0 0.4783854166666667 0.19768518518518519 0.0046875 0.021296296296296296
0 0.4796875 0.21805555555555556 0.008333333333333333 0.019444444444444445
0 0.4796875 0.2388888888888889 0.008333333333333333 0.020370370370370372
0 0.4817708333333333 0.2601851851851852 0.009375 0.022222222222222223
0 0.48203124999999997 0.2837962962962963 0.009895833333333333 0.025
0 0.48411458333333335 0.3101851851851852 0.008854166666666666 0.02592592592592593
0 0.48593749999999997 0.3421296296296296 0.010416666666666666 0.025
0 0.4640625 0.37453703703703706 0.009375 0.030555555555555558
0 0.44140625 0.41203703703703703 0.008854166666666666 0.031481481481481485
0 0.41510416666666666 0.45416666666666666 0.010416666666666666 0.032407407407407406
11 0.42604166666666665 0.3976851851851852 0.016666666666666666 0.05648148148148149
12 0.44895833333333335 0.41250000000000003 0.016666666666666666 0.0787037037037037
12 0.4270833333333333 0.4365740740740741 0.01875 0.08796296296296297
3 0.4359375 0.5773148148148148 0.020833333333333332 0.10092592592592593
