7 0.49166666666666664 0.1675925925925926 0.03229166666666666 0.05740740740740741
0 0.46979166666666666 0.39537037037037037 0.007291666666666667 0.02777777777777778
0 0.47109375 0.4324074074074074 0.009895833333333333 0.02777777777777778
0 0.4713541666666667 0.47314814814814815 0.009375 0.031481481481481485
0 0.47369791666666666 0.5189814814814815 0.009895833333333333 0.036111111111111115
0 0.4747395833333333 0.5745370370370371 0.011979166666666666 0.036111111111111115
0 0.47578125 0.6356481481481482 0.011979166666666666 0.03981481481481482
0 0.47890625 0.7078703703703704 0.011979166666666666 0.04166666666666667
0 0.44375 0.7949074074074074 0.013541666666666667 0.04537037037037037
0 0.4046875 0.899537037037037 0.014583333333333334 0.049074074074074076
5 0.4361979166666667 0.513888888888889 0.027604166666666666 0.09074074074074075
4 0.4106770833333333 0.525462962962963 0.021354166666666667 0.09351851851851853
5 0.39140625 0.5407407407407407 0.019270833333333334 0.0962962962962963
