7 0.4940104166666667 0.06435185185185185 0.027604166666666666 0.04351851851851852
0 0.4770833333333333 0.20601851851851852 0.007291666666666667 0.021296296296296296
0 0.4783854166666667 0.22453703703703703 0.0067708333333333336 0.019444444444444445
0 0.4791666666666667 0.24537037037037038 0.010416666666666666 0.024074074074074074
0 0.4809895833333333 0.2689814814814815 0.008854166666666666 0.02314814814814815
0 0.4809895833333333 0.29444444444444445 0.008854166666666666 0.02592592592592593
0 0.4822916666666667 0.3226851851851852 0.011458333333333333 0.026851851851851852
0 0.48463541666666665 0.35370370370370374 0.008854166666666666 0.02962962962962963
0 0.46197916666666666 0.3893518518518519 0.009375 0.030555555555555558
0 0.44036458333333334 0.4300925925925926 0.0078125 0.030555555555555558
0 0.4122395833333333 0.4708333333333333 0.0109375 0.032407407407407406
12 0.4471354166666667 0.40925925925925927 0.019270833333333334 0.08148148148148149
12 0.42526041666666664 0.43194444444444446 0.018229166666666668 0.08981481481481482
11 0.42135416666666664 0.40694444444444444 0.0125 0.075
3 0.4302083333333333 0.6041666666666667 0.02395833333333333 0.10092592592592593
