3 0.42265625 0.9185185185185185 0.0296875 0.1388888888888889
7 0.49557291666666664 0.1300925925925926 0.03177083333333333 0.05462962962962963
0 0.4783854166666667 0.3074074074074074 0.0078125 0.02592592592592593
0 0.48020833333333335 0.3351851851851852 0.008333333333333333 0.02592592592592593
0 0.48046875 0.3652777777777778 0.008854166666666666 0.030555555555555558
0 0.4830729166666667 0.39722222222222225 0.0109375 0.02962962962962963
0 0.48359375 0.4351851851851852 0.009895833333333333 0.02962962962962963
0 0.484375 0.47500000000000003 0.009375 0.03333333333333333
0 0.4875 0.5217592592592593 0.010416666666666666 0.036111111111111115
0 0.45989583333333334 0.5777777777777778 0.0125 0.03518518518518519
0 0.4322916666666667 0.6398148148148148 0.013541666666666667 0.03888888888888889
0 0.3953125 0.7111111111111111 0.0125 0.040740740740740744
5 0.4669270833333333 0.4449074074074074 0.019270833333333334 0.0787037037037037
8 0.44114583333333335 0.44722222222222224 0.014583333333333334 0.08333333333333334
5 0.4114583333333333 0.46064814814814814 0.021875 0.08611111111111111
