0 0.4705729166666667 0.9490740740740741 0.01614583333333333 0.05555555555555556
0 0.46979166666666666 0.8342592592592593 0.013541666666666667 0.05
0 0.46953125 0.7393518518518519 0.013020833333333334 0.04722222222222222
0 0.4674479166666667 0.6620370370370371 0.015104166666666667 0.04259259259259259
0 0.46822916666666664 0.5953703703703704 0.0125 0.03888888888888889
0 0.46640624999999997 0.538425925925926 0.0109375 0.03796296296296296
6 0.44505208333333335 0.6319444444444444 0.018229166666666668 0.10462962962962963
4 0.39166666666666666 0.6439814814814815 0.019791666666666666 0.10462962962962963
5 0.36640625 0.6796296296296297 0.0234375 0.11666666666666667
7 0.49505208333333334 0.22083333333333335 0.034895833333333334 0.0638888888888889
