3 0.4140625 0.9 0.029166666666666667 0.14444444444444446
0 0.38776041666666666 0.6606481481481482 0.009895833333333333 0.03981481481481482
0 0.4239583333333333 0.5939814814814816 0.010416666666666666 0.036111111111111115
0 0.45208333333333334 0.5333333333333333 0.010416666666666666 0.03518518518518519
0 0.4796875 0.4814814814814815 0.008333333333333333 0.03333333333333333
0 0.47890625 0.4342592592592593 0.008854166666666666 0.031481481481481485
0 0.4770833333333333 0.39675925925925926 0.007291666666666667 0.028703703703703703
0 0.4765625 0.35833333333333334 0.00625 0.02777777777777778
0 0.4752604166666667 0.3282407407407408 0.0078125 0.025
0 0.4739583333333333 0.300462962962963 0.005208333333333333 0.019444444444444445
0 0.4739583333333333 0.2740740740740741 0.003125 0.018518518518518517
11 0.42473958333333334 0.4564814814814815 0.0140625 0.040740740740740744
12 0.4140625 0.5078703703703704 0.020833333333333332 0.09907407407407408
12 0.46510416666666665 0.47870370370370374 0.021875 0.09074074074074075
7 0.4921875 0.09398148148148149 0.035416666666666666 0.058333333333333334
