3 0.41041666666666665 0.9324074074074075 0.034375 0.13518518518518519
0 0.3846354166666667 0.6810185185185186 0.0067708333333333336 0.04166666666666667
0 0.42213541666666665 0.6087962962962963 0.0078125 0.03425925925925926
0 0.4515625 0.5472222222222223 0.007291666666666667 0.03333333333333333
0 0.4796875 0.49444444444444446 0.007291666666666667 0.031481481481481485
0 0.4778645833333333 0.44537037037037036 0.005729166666666666 0.024074074074074074
0 0.4765625 0.4064814814814815 0.004166666666666667 0.024074074074074074
0 0.4765625 0.3699074074074074 0.007291666666666667 0.02314814814814815
0 0.4747395833333333 0.3375 0.0046875 0.019444444444444445
0 0.4739583333333333 0.30694444444444446 0.00625 0.02314814814814815
0 0.4734375 0.2800925925925926 0.005208333333333333 0.02314814814814815
12 0.4640625 0.49768518518518523 0.015625 0.09166666666666667
12 0.41171874999999997 0.513888888888889 0.022395833333333334 0.09444444444444444
11 0.4265625 0.48703703703703705 0.019791666666666666 0.08703703703703704
7 0.4940104166666667 0.10092592592592593 0.0328125 0.053703703703703705
