0 0.40651041666666665 0.5296296296296297 0.011979166666666666 0.03888888888888889
0 0.4359375 0.4777777777777778 0.009375 0.031481481481481485
0 0.4609375 0.4328703703703704 0.007291666666666667 0.028703703703703703
0 0.4848958333333333 0.3939814814814815 0.00625 0.025
0 0.4828125 0.35833333333333334 0.005208333333333333 0.024074074074074074
0 0.48151041666666666 0.32916666666666666 0.0078125 0.025
0 0.48151041666666666 0.30324074074074076 0.0078125 0.02314814814814815
0 0.4791666666666667 0.27175925925925926 0.007291666666666667 0.025
0 0.47760416666666666 0.2476851851851852 0.005208333333333333 0.019444444444444445
0 0.4778645833333333 0.22361111111111112 0.0067708333333333336 0.019444444444444445
12 0.4453125 0.40694444444444444 0.020833333333333332 0.0787037037037037
12 0.42552083333333335 0.43703703703703706 0.015625 0.08333333333333334
11 0.42291666666666666 0.3925925925925926 0.010416666666666666 0.031481481481481485
7 0.4953125 0.07546296296296297 0.029166666666666667 0.04722222222222222
3 0.4328125 0.6907407407407408 0.03125 0.1388888888888889
