7 0.5028645833333333 0.046759259259259264 0.025520833333333333 0.04351851851851852
0 0.48854166666666665 0.16712962962962963 0.005208333333333333 0.019444444444444445
0 0.4895833333333333 0.18333333333333335 0.00625 0.018518518518518517
0 0.4895833333333333 0.20046296296296298 0.00625 0.019444444444444445
0 0.49114583333333334 0.21944444444444444 0.00625 0.018518518518518517
0 0.4921875 0.24120370370370373 0.007291666666666667 0.021296296296296296
0 0.4927083333333333 0.26296296296296295 0.00625 0.022222222222222223
0 0.4953125 0.28611111111111115 0.007291666666666667 0.02592592592592593
0 0.4752604166666667 0.3148148148148148 0.0078125 0.02592592592592593
0 0.45703125 0.3439814814814815 0.008854166666666666 0.026851851851851852
0 0.43333333333333335 0.3768518518518519 0.007291666666666667 0.02592592592592593
3 0.45729166666666665 0.4310185185185185 0.017708333333333333 0.08055555555555556
3 0.4322916666666667 0.4203703703703704 0.014583333333333334 0.07592592592592592
3 0.43906249999999997 0.44583333333333336 0.016666666666666666 0.08425925925925926
3 0.45416666666666666 0.46805555555555556 0.016666666666666666 0.08425925925925926
