7 0.49166666666666664 0.1925925925925926 0.0375 0.07037037037037037
0 0.4614583333333333 0.5162037037037037 0.010416666666666666 0.03796296296296296
0 0.46197916666666666 0.5736111111111112 0.010416666666666666 0.03981481481481482
0 0.46171875 0.6435185185185185 0.011979166666666666 0.04259259259259259
0 0.4627604166666667 0.725 0.0140625 0.044444444444444446
0 0.46197916666666666 0.8231481481481482 0.016666666666666666 0.05
0 0.4627604166666667 0.9449074074074074 0.01614583333333333 0.05462962962962963
12 0.4265625 0.7569444444444444 0.029166666666666667 0.125
12 0.3541666666666667 0.8763888888888889 0.03125 0.15092592592592594
11 0.40729166666666666 0.8069444444444445 0.027083333333333334 0.1287037037037037
