7 0.49322916666666666 0.12592592592592594 0.03333333333333333 0.05555555555555556
12 0.39010416666666664 0.6736111111111112 0.02395833333333333 0.1212962962962963
12 0.45468749999999997 0.6439814814814815 0.026041666666666668 0.10462962962962963
11 0.41822916666666665 0.6194444444444445 0.022916666666666665 0.10740740740740741
0 0.4713541666666667 0.34444444444444444 0.009375 0.02962962962962963
0 0.47213541666666664 0.3787037037037037 0.009895833333333333 0.031481481481481485
0 0.47213541666666664 0.4166666666666667 0.011979166666666666 0.03333333333333333
0 0.47421874999999997 0.46111111111111114 0.0109375 0.03518518518518519
0 0.4734375 0.5097222222222222 0.0125 0.036111111111111115
0 0.47552083333333334 0.5657407407407408 0.013541666666666667 0.04259259259259259
0 0.4786458333333333 0.6333333333333333 0.013541666666666667 0.04259259259259259
0 0.4440104166666667 0.7125 0.013020833333333334 0.04722222222222222
0 0.40781249999999997 0.8037037037037037 0.016666666666666666 0.05185185185185186
0 0.3580729166666667 0.9171296296296296 0.015104166666666667 0.049074074074074076
