7 0.49609375 0.13240740740740742 0.0296875 0.053703703703703705
0 0.47734375 0.31666666666666665 0.0078125 0.024074074074074074
0 0.47942708333333334 0.3425925925925926 0.0078125 0.02777777777777778
0 0.4796875 0.3731481481481482 0.009375 0.031481481481481485
0 0.4822916666666667 0.4064814814814815 0.009375 0.03333333333333333
0 0.4822916666666667 0.4449074074074074 0.009375 0.032407407407407406
0 0.484375 0.48703703703703705 0.010416666666666666 0.03333333333333333
0 0.4869791666666667 0.5365740740740741 0.0125 0.03796296296296296
0 0.459375 0.5925925925925926 0.011458333333333333 0.040740740740740744
0 0.43046875 0.6555555555555556 0.013020833333333334 0.040740740740740744
0 0.3921875 0.7319444444444445 0.014583333333333334 0.04351851851851852
5 0.46458333333333335 0.44907407407407407 0.017708333333333333 0.07777777777777778
8 0.43671875 0.4550925925925926 0.019270833333333334 0.08055555555555556
5 0.4119791666666667 0.4675925925925926 0.01875 0.08888888888888889
3 0.42109375 0.9375 0.027604166666666666 0.1175925925925926
