7 0.4921875 0.17777777777777778 0.036458333333333336 0.06481481481481481
0 0.4640625 0.47222222222222227 0.010416666666666666 0.03333333333333333
0 0.46458333333333335 0.5240740740740741 0.011458333333333333 0.03333333333333333
0 0.4640625 0.5847222222222223 0.0125 0.03796296296296296
0 0.46588541666666666 0.6555555555555556 0.011979166666666666 0.040740740740740744
0 0.46588541666666666 0.7388888888888889 0.0140625 0.044444444444444446
0 0.46640624999999997 0.8393518518518519 0.015104166666666667 0.049074074074074076
0 0.46979166666666666 0.9625 0.016666666666666666 0.05648148148148149
12 0.36041666666666666 0.8217592592592593 0.029166666666666667 0.13611111111111113
12 0.4158854166666667 0.7513888888888889 0.027604166666666666 0.1212962962962963
11 0.3690104166666667 0.7435185185185186 0.025520833333333333 0.11296296296296297
