7 0.4934895833333333 0.12175925925925926 0.0359375 0.058333333333333334
12 0.3984375 0.6472222222222223 0.027083333333333334 0.11666666666666667
12 0.45598958333333334 0.6305555555555555 0.0203125 0.10740740740740741
11 0.4231770833333333 0.5953703703703704 0.019270833333333334 0.10370370370370371
0 0.4713541666666667 0.33194444444444443 0.008333333333333333 0.028703703703703703
0 0.47239583333333335 0.3666666666666667 0.010416666666666666 0.02962962962962963
0 0.47265625 0.4027777777777778 0.0109375 0.03333333333333333
0 0.475 0.44537037037037036 0.010416666666666666 0.03518518518518519
0 0.475 0.4930555555555556 0.011458333333333333 0.036111111111111115
0 0.475 0.5462962962962963 0.013541666666666667 0.040740740740740744
0 0.4791666666666667 0.6106481481481482 0.013541666666666667 0.03981481481481482
0 0.44505208333333335 0.6842592592592592 0.013020833333333334 0.04259259259259259
0 0.41015625 0.7708333333333334 0.01614583333333333 0.049074074074074076
0 0.36223958333333334 0.875925925925926 0.015104166666666667 0.05185185185185186
