7 0.49166666666666664 0.1527777777777778 0.03125 0.053703703703703705
0 0.4713541666666667 0.35833333333333334 0.007291666666666667 0.02962962962962963
0 0.47291666666666665 0.3907407407407408 0.007291666666666667 0.02592592592592593
0 0.47369791666666666 0.425 0.008854166666666666 0.02962962962962963
0 0.47578125 0.46574074074074073 0.008854166666666666 0.031481481481481485
0 0.47604166666666664 0.5111111111111112 0.009375 0.03518518518518519
0 0.47760416666666666 0.5625 0.010416666666666666 0.03425925925925926
0 0.48072916666666665 0.6240740740740741 0.010416666666666666 0.03518518518518519
0 0.4484375 0.6930555555555555 0.011458333333333333 0.04166666666666667
0 0.4158854166666667 0.775 0.013020833333333334 0.044444444444444446
0 0.37109375 0.8745370370370371 0.013020833333333334 0.049074074074074076
5 0.44765625 0.48194444444444445 0.0203125 0.08055555555555556
8 0.41380208333333335 0.48842592592592593 0.01614583333333333 0.08425925925925926
5 0.39765625 0.5115740740740741 0.015104166666666667 0.09351851851851853
