7 0.4921875 0.12962962962962962 0.036458333333333336 0.05740740740740741
0 0.47109375 0.350462962962963 0.009895833333333333 0.028703703703703703
0 0.471875 0.3837962962962963 0.010416666666666666 0.030555555555555558
0 0.47161458333333334 0.42453703703703705 0.0109375 0.036111111111111115
0 0.4734375 0.46851851851851856 0.010416666666666666 0.03333333333333333
0 0.47265625 0.5194444444444445 0.013020833333333334 0.037037037037037035
0 0.4744791666666667 0.5800925925925926 0.013541666666666667 0.03796296296296296
0 0.4778645833333333 0.6458333333333334 0.013020833333333334 0.04351851851851852
0 0.4427083333333333 0.7273148148148149 0.013541666666666667 0.049074074074074076
0 0.40572916666666664 0.8231481481481482 0.014583333333333334 0.05185185185185186
0 0.35494791666666664 0.9407407407407408 0.01614583333333333 0.05740740740740741
12 0.3921875 0.6819444444444445 0.026041666666666668 0.1212962962962963
12 0.4583333333333333 0.6546296296296297 0.025 0.10925925925925926
11 0.41328125 0.6263888888888889 0.0203125 0.10462962962962963
