7 0.4927083333333333 0.1712962962962963 0.035416666666666666 0.06481481481481481
0 0.46588541666666666 0.4564814814814815 0.008854166666666666 0.03333333333333333
0 0.4671875 0.5069444444444444 0.010416666666666666 0.036111111111111115
0 0.4671875 0.562962962962963 0.011458333333333333 0.03888888888888889
0 0.46822916666666664 0.6300925925925926 0.0125 0.03981481481481482
0 0.46901041666666665 0.7078703703703704 0.011979166666666666 0.04351851851851852
0 0.46901041666666665 0.8018518518518519 0.0140625 0.04814814814814815
12 0.35963541666666665 0.8171296296296297 0.028645833333333332 0.13796296296296298
12 0.42526041666666664 0.7453703703703703 0.0265625 0.12222222222222223
11 0.3807291666666667 0.7337962962962963 0.01875 0.12314814814814816
0 0.47213541666666664 0.9166666666666667 0.0140625 0.05185185185185186
