3 0.42421875 0.8458333333333333 0.0234375 0.1287037037037037
5 0.4125 0.44953703703703707 0.016666666666666666 0.08611111111111111
5 0.46848958333333335 0.4351851851851852 0.015104166666666667 0.07777777777777778
8 0.4419270833333333 0.44027777777777777 0.015104166666666667 0.07685185185185185
0 0.396875 0.6666666666666667 0.010416666666666666 0.03888888888888889
0 0.4317708333333333 0.600925925925926 0.009375 0.037037037037037035
0 0.4588541666666667 0.5439814814814815 0.009375 0.036111111111111115
0 0.48541666666666666 0.49444444444444446 0.008333333333333333 0.02962962962962963
0 0.4828125 0.45092592592592595 0.008333333333333333 0.02962962962962963
0 0.48151041666666666 0.412962962962963 0.0078125 0.02777777777777778
0 0.4809895833333333 0.37777777777777777 0.0078125 0.02777777777777778
0 0.4791666666666667 0.3453703703703704 0.007291666666666667 0.02777777777777778
0 0.4786458333333333 0.3194444444444445 0.007291666666666667 0.022222222222222223
0 0.47734375 0.2939814814814815 0.0067708333333333336 0.025
7 0.49583333333333335 0.12314814814814816 0.028125 0.04814814814814815
