3 0.43333333333333335 0.6537037037037037 0.020833333333333332 0.10555555555555556
0 0.4083333333333333 0.5041666666666667 0.007291666666666667 0.030555555555555558
0 0.4380208333333333 0.4587962962962963 0.00625 0.028703703703703703
0 0.46041666666666664 0.4166666666666667 0.008333333333333333 0.02592592592592593
0 0.48411458333333335 0.3763888888888889 0.005729166666666666 0.025
0 0.4822916666666667 0.34351851851851856 0.004166666666666667 0.024074074074074074
0 0.4817708333333333 0.3148148148148148 0.00625 0.024074074074074074
0 0.48020833333333335 0.28611111111111115 0.005208333333333333 0.020370370370370372
0 0.4783854166666667 0.2611111111111111 0.0046875 0.020370370370370372
0 0.4783854166666667 0.23657407407407408 0.005729166666666666 0.021296296296296296
0 0.4783854166666667 0.2175925925925926 0.0046875 0.016666666666666666
12 0.4484375 0.40324074074074073 0.014583333333333334 0.08796296296296297
12 0.41901041666666666 0.4291666666666667 0.0171875 0.08240740740740742
11 0.42161458333333335 0.3824074074074074 0.0109375 0.02777777777777778
7 0.4940104166666667 0.07268518518518519 0.0296875 0.04351851851851852
