3 0.4302083333333333 0.7245370370370371 0.021875 0.11203703703703705
5 0.4184895833333333 0.4041666666666667 0.01614583333333333 0.08055555555555556
5 0.4692708333333333 0.3875 0.015625 0.0712962962962963
8 0.4458333333333333 0.39583333333333337 0.014583333333333334 0.07314814814814816
0 0.40546875 0.5837962962962964 0.008854166666666666 0.03425925925925926
0 0.43645833333333334 0.5300925925925926 0.009375 0.032407407407407406
0 0.46119791666666665 0.48194444444444445 0.008854166666666666 0.032407407407407406
0 0.4856770833333333 0.44212962962962965 0.0078125 0.026851851851851852
0 0.48333333333333334 0.40370370370370373 0.007291666666666667 0.02592592592592593
0 0.4822916666666667 0.3712962962962963 0.007291666666666667 0.02592592592592593
0 0.4817708333333333 0.3402777777777778 0.007291666666666667 0.025
0 0.47994791666666664 0.31342592592592594 0.0067708333333333336 0.025
0 0.4796875 0.28935185185185186 0.00625 0.02314814814814815
0 0.4786458333333333 0.26712962962962966 0.005208333333333333 0.021296296296296296
7 0.496875 0.11111111111111112 0.027083333333333334 0.044444444444444446
