0 0.4739583333333333 0.9421296296296297 0.01875 0.05462962962962963
0 0.4713541666666667 0.8268518518518518 0.015625 0.05185185185185186
0 0.4692708333333333 0.7361111111111112 0.015625 0.0462962962962963
0 0.4692708333333333 0.6569444444444444 0.011458333333333333 0.03981481481481482
0 0.4661458333333333 0.48564814814814816 0.010416666666666666 0.03425925925925926
0 0.4674479166666667 0.5337962962962963 0.009895833333333333 0.036111111111111115
0 0.46770833333333334 0.5898148148148148 0.010416666666666666 0.03888888888888889
6 0.4348958333333333 0.5972222222222222 0.021875 0.09814814814814815
5 0.37786458333333334 0.6402777777777778 0.022395833333333334 0.10833333333333334
4 0.38645833333333335 0.6106481481481482 0.017708333333333333 0.09722222222222222
7 0.4927083333333333 0.20185185185185187 0.035416666666666666 0.05925925925925926
