7 0.50234375 0.05 0.024479166666666666 0.04259259259259259
0 0.48671875 0.16990740740740742 0.0067708333333333336 0.019444444444444445
0 0.48776041666666664 0.18842592592592594 0.0046875 0.019444444444444445
0 0.48828125 0.2050925925925926 0.0067708333333333336 0.021296296296296296
0 0.4903645833333333 0.22453703703703703 0.0078125 0.019444444444444445
0 0.49114583333333334 0.24583333333333335 0.00625 0.02314814814814815
0 0.4921875 0.26851851851851855 0.007291666666666667 0.024074074074074074
0 0.4940104166666667 0.29305555555555557 0.0078125 0.025
0 0.4739583333333333 0.32037037037037036 0.008333333333333333 0.02592592592592593
0 0.4552083333333333 0.3523148148148148 0.008333333333333333 0.026851851851851852
0 0.43072916666666666 0.3824074074074074 0.007291666666666667 0.024074074074074074
3 0.4557291666666667 0.4277777777777778 0.015625 0.07777777777777778
3 0.45208333333333334 0.4810185185185185 0.016666666666666666 0.08796296296296297
3 0.4328125 0.41944444444444445 0.014583333333333334 0.07407407407407407
12 0.43776041666666665 0.44537037037037036 0.018229166666666668 0.0925925925925926
