7 0.49166666666666664 0.1537037037037037 0.03125 0.053703703703703705
0 0.4713541666666667 0.3615740740740741 0.009375 0.026851851851851852
0 0.47265625 0.39583333333333337 0.008854166666666666 0.028703703703703703
0 0.4731770833333333 0.43194444444444446 0.009895833333333333 0.028703703703703703
0 0.4752604166666667 0.47175925925925927 0.009895833333333333 0.032407407407407406
0 0.47578125 0.5189814814814815 0.0109375 0.03425925925925926
0 0.47734375 0.5722222222222223 0.009895833333333333 0.03518518518518519
0 0.47994791666666664 0.6342592592592593 0.0109375 0.03888888888888889
0 0.44765625 0.7055555555555556 0.011979166666666666 0.040740740740740744
0 0.41380208333333335 0.788888888888889 0.0140625 0.04814814814814815
0 0.36822916666666666 0.8916666666666667 0.013541666666666667 0.05
5 0.4432291666666667 0.4847222222222222 0.017708333333333333 0.08240740740740742
8 0.4122395833333333 0.4912037037037037 0.01614583333333333 0.08425925925925926
5 0.39479166666666665 0.5143518518518518 0.017708333333333333 0.09166666666666667
