7 0.4934895833333333 0.13194444444444445 0.0328125 0.05462962962962963
12 0.3893229166666667 0.6925925925925926 0.0234375 0.12222222222222223
12 0.4635416666666667 0.6787037037037037 0.027083333333333334 0.10740740740740741
11 0.4122395833333333 0.6300925925925926 0.018229166666666668 0.10833333333333334
0 0.4700520833333333 0.3560185185185185 0.009895833333333333 0.030555555555555558
0 0.47109375 0.39166666666666666 0.0078125 0.03333333333333333
0 0.471875 0.4328703703703704 0.009375 0.03425925925925926
0 0.47369791666666666 0.4763888888888889 0.0109375 0.03981481481481482
0 0.4734375 0.5291666666666667 0.0125 0.03981481481481482
0 0.4752604166666667 0.587962962962963 0.0140625 0.040740740740740744
0 0.47734375 0.6597222222222222 0.011979166666666666 0.04351851851851852
0 0.4419270833333333 0.7421296296296297 0.0140625 0.04537037037037037
0 0.4036458333333333 0.8416666666666667 0.016666666666666666 0.053703703703703705
0 0.35234375 0.9634259259259259 0.015104166666666667 0.05648148148148149
