3 0.42421875 0.8300925925925926 0.022395833333333334 0.12685185185185185
5 0.4127604166666667 0.4467592592592593 0.015104166666666667 0.08240740740740742
5 0.4671875 0.4337962962962963 0.017708333333333333 0.0787037037037037
8 0.44453125 0.43703703703703706 0.015104166666666667 0.07592592592592592
0 0.39739583333333334 0.6537037037037037 0.010416666666666666 0.03888888888888889
0 0.43203125 0.5898148148148148 0.009895833333333333 0.037037037037037035
0 0.45859374999999997 0.5351851851851852 0.009895833333333333 0.03518518518518519
0 0.48515625 0.48750000000000004 0.008854166666666666 0.030555555555555558
0 0.4828125 0.4444444444444445 0.009375 0.02962962962962963
0 0.48151041666666666 0.4064814814814815 0.0078125 0.02962962962962963
0 0.48125 0.3731481481481482 0.008333333333333333 0.02777777777777778
0 0.4791666666666667 0.34444444444444444 0.007291666666666667 0.024074074074074074
0 0.4786458333333333 0.3162037037037037 0.007291666666666667 0.02314814814814815
0 0.47760416666666666 0.29120370370370374 0.00625 0.02314814814814815
7 0.49609375 0.12222222222222223 0.027604166666666666 0.04814814814814815
