7 0.4934895833333333 0.16203703703703703 0.034895833333333334 0.06296296296296297
0 0.46640624999999997 0.4324074074074074 0.008854166666666666 0.031481481481481485
0 0.4671875 0.47870370370370374 0.009375 0.03333333333333333
0 0.4671875 0.5319444444444444 0.010416666666666666 0.036111111111111115
0 0.46901041666666665 0.5921296296296297 0.0109375 0.03981481481481482
0 0.46979166666666666 0.663425925925926 0.0125 0.04166666666666667
0 0.47031249999999997 0.7476851851851852 0.013541666666666667 0.04351851851851852
0 0.47291666666666665 0.850462962962963 0.014583333333333334 0.04722222222222222
0 0.4278645833333333 0.9736111111111111 0.0171875 0.05277777777777778
12 0.4354166666666667 0.7444444444444445 0.026041666666666668 0.12037037037037038
11 0.3989583333333333 0.7074074074074075 0.02395833333333333 0.11296296296296297
12 0.35651041666666666 0.8064814814814815 0.028645833333333332 0.1388888888888889
