7 0.50390625 0.04537037037037037 0.025520833333333333 0.04259259259259259
0 0.49296875 0.21435185185185185 0.005729166666666666 0.02314814814814815
0 0.4934895833333333 0.23425925925925928 0.0067708333333333336 0.020370370370370372
0 0.4895833333333333 0.1625 0.005208333333333333 0.019444444444444445
3 0.4395833333333333 0.4115740740740741 0.015625 0.0638888888888889
3 0.44088541666666664 0.44583333333333336 0.018229166666666668 0.08981481481481482
3 0.45598958333333334 0.45555555555555555 0.01614583333333333 0.08333333333333334
3 0.45416666666666666 0.41805555555555557 0.014583333333333334 0.05277777777777778
0 0.4359375 0.3685185185185185 0.008333333333333333 0.02777777777777778
0 0.45859374999999997 0.3351851851851852 0.008854166666666666 0.02592592592592593
0 0.4765625 0.30648148148148147 0.007291666666666667 0.024074074074074074
0 0.49583333333333335 0.2800925925925926 0.007291666666666667 0.025
0 0.4942708333333333 0.2569444444444445 0.00625 0.021296296296296296
0 0.49114583333333334 0.19490740740740742 0.00625 0.021296296296296296
0 0.49114583333333334 0.1800925925925926 0.00625 0.015740740740740743
