7 0.4934895833333333 0.11157407407407408 0.03177083333333333 0.05462962962962963
12 0.4041666666666667 0.5930555555555556 0.02395833333333333 0.11203703703703705
12 0.45859374999999997 0.5805555555555556 0.021354166666666667 0.0962962962962963
11 0.4278645833333333 0.5467592592592593 0.019270833333333334 0.09722222222222222
0 0.47239583333333335 0.3087962962962963 0.009375 0.032407407407407406
0 0.4734375 0.34120370370370373 0.008333333333333333 0.028703703703703703
0 0.47369791666666666 0.375462962962963 0.0109375 0.030555555555555558
0 0.47604166666666664 0.4134259259259259 0.010416666666666666 0.032407407407407406
0 0.47552083333333334 0.45555555555555555 0.0125 0.03518518518518519
0 0.47734375 0.5050925925925926 0.013020833333333334 0.036111111111111115
0 0.4796875 0.5620370370370371 0.013541666666666667 0.037037037037037035
0 0.4484375 0.6263888888888889 0.0125 0.04166666666666667
0 0.4161458333333333 0.7023148148148148 0.013541666666666667 0.04537037037037037
0 0.3723958333333333 0.7921296296296296 0.0125 0.04722222222222222
