7 0.4942708333333333 0.14212962962962963 0.03125 0.05462962962962963
0 0.47552083333333334 0.3337962962962963 0.007291666666666667 0.026851851851851852
0 0.4770833333333333 0.36342592592592593 0.007291666666666667 0.028703703703703703
0 0.47734375 0.39490740740740743 0.008854166666666666 0.028703703703703703
0 0.4791666666666667 0.4300925925925926 0.009375 0.03425925925925926
0 0.48020833333333335 0.47361111111111115 0.009375 0.032407407407407406
0 0.48125 0.5189814814814815 0.010416666666666666 0.03796296296296296
0 0.48541666666666666 0.5717592592592593 0.011458333333333333 0.036111111111111115
0 0.4552083333333333 0.6324074074074074 0.0125 0.040740740740740744
0 0.4244791666666667 0.7050925925925926 0.011458333333333333 0.04166666666666667
0 0.3848958333333333 0.787962962962963 0.011458333333333333 0.0462962962962963
3 0.41354166666666664 0.9791666666666667 0.028125 0.03796296296296296
5 0.46171875 0.4601851851851852 0.019270833333333334 0.08518518518518518
8 0.42135416666666664 0.4689814814814815 0.014583333333333334 0.08611111111111111
5 0.4083333333333333 0.48750000000000004 0.01875 0.09351851851851853
