3 0.4203125 0.812962962962963 0.03333333333333333 0.13148148148148148
0 0.39401041666666664 0.6087962962962963 0.008854166666666666 0.03981481481481482
0 0.42864583333333334 0.5476851851851852 0.009375 0.03796296296296296
0 0.4552083333333333 0.4939814814814815 0.009375 0.03425925925925926
0 0.4817708333333333 0.44583333333333336 0.009375 0.032407407407407406
0 0.47890625 0.4046296296296297 0.005729166666666666 0.02592592592592593
0 0.4783854166666667 0.3685185185185185 0.0078125 0.02592592592592593
0 0.4778645833333333 0.33564814814814814 0.008854166666666666 0.026851851851851852
0 0.4765625 0.3060185185185185 0.008333333333333333 0.026851851851851852
0 0.4752604166666667 0.27870370370370373 0.0078125 0.022222222222222223
0 0.4752604166666667 0.25324074074074077 0.0067708333333333336 0.025
12 0.45286458333333335 0.4388888888888889 0.018229166666666668 0.07962962962962963
12 0.41770833333333335 0.48240740740740745 0.022916666666666665 0.09444444444444444
11 0.42526041666666664 0.4199074074074074 0.01614583333333333 0.03425925925925926
7 0.49453125 0.08842592592592594 0.033854166666666664 0.05462962962962963
