11 0.4002604166666667 0.6643518518518519 0.0234375 0.11388888888888889
12 0.45286458333333335 0.7541666666666667 0.0234375 0.1212962962962963
12 0.3802083333333333 0.7625000000000001 0.03229166666666666 0.13055555555555556
0 0.39348958333333334 0.9689814814814816 0.0171875 0.06018518518518519
0 0.43723958333333335 0.8458333333333333 0.0140625 0.05648148148148149
0 0.4765625 0.7458333333333333 0.013541666666666667 0.049074074074074076
0 0.4739583333333333 0.6620370370370371 0.013541666666666667 0.0462962962962963
0 0.47291666666666665 0.5921296296296297 0.0125 0.04351851851851852
0 0.47239583333333335 0.5310185185185186 0.0125 0.04166666666666667
0 0.46953125 0.47962962962962963 0.013020833333333334 0.040740740740740744
0 0.47031249999999997 0.4328703703703704 0.010416666666666666 0.036111111111111115
0 0.46901041666666665 0.39166666666666666 0.008854166666666666 0.03333333333333333
7 0.4927083333333333 0.14722222222222223 0.03333333333333333 0.061111111111111116
