0 0.475 0.9 0.015625 0.05185185185185186
0 0.47109375 0.7930555555555556 0.0140625 0.04722222222222222
0 0.47031249999999997 0.7055555555555556 0.013541666666666667 0.0462962962962963
0 0.4705729166666667 0.6333333333333333 0.011979166666666666 0.040740740740740744
0 0.46796875 0.5708333333333333 0.011979166666666666 0.036111111111111115
0 0.46770833333333334 0.5175925925925926 0.0125 0.03333333333333333
0 0.4669270833333333 0.4708333333333333 0.008854166666666666 0.03425925925925926
6 0.43671875 0.5810185185185185 0.0171875 0.09537037037037037
5 0.38125 0.6337962962962963 0.01875 0.11203703703703705
4 0.3848958333333333 0.6013888888888889 0.015625 0.09351851851851853
7 0.49244791666666665 0.1953703703703704 0.033854166666666664 0.05925925925925926
