7 0.5015625 0.050462962962962966 0.026041666666666668 0.04351851851851852
0 0.4864583333333333 0.1736111111111111 0.00625 0.019444444444444445
0 0.4869791666666667 0.18888888888888888 0.00625 0.018518518518518517
0 0.48854166666666665 0.2064814814814815 0.007291666666666667 0.022222222222222223
0 0.4895833333333333 0.22592592592592595 0.005208333333333333 0.020370370370370372
0 0.4901041666666667 0.2476851851851852 0.00625 0.021296296296296296
0 0.49166666666666664 0.27037037037037037 0.007291666666666667 0.022222222222222223
0 0.4940104166666667 0.2949074074074074 0.0078125 0.025
0 0.47421874999999997 0.3226851851851852 0.008854166666666666 0.026851851851851852
0 0.4552083333333333 0.35462962962962963 0.008333333333333333 0.02777777777777778
0 0.4302083333333333 0.38472222222222224 0.007291666666666667 0.021296296296296296
3 0.45390625 0.4217592592592593 0.01614583333333333 0.06944444444444445
3 0.4510416666666667 0.48240740740740745 0.016666666666666666 0.08888888888888889
12 0.43645833333333334 0.4462962962962963 0.017708333333333333 0.0925925925925926
