0 0.43359375 0.9601851851851853 0.0171875 0.05740740740740741
0 0.47552083333333334 0.8435185185185186 0.014583333333333334 0.04814814814814815
0 0.47239583333333335 0.7476851851851852 0.013541666666666667 0.04537037037037037
0 0.4708333333333333 0.6675925925925926 0.0125 0.04259259259259259
0 0.4705729166666667 0.6013888888888889 0.0109375 0.03981481481481482
0 0.46848958333333335 0.5439814814814815 0.0109375 0.036111111111111115
0 0.46796875 0.4930555555555556 0.0109375 0.03425925925925926
0 0.4669270833333333 0.45 0.009895833333333333 0.03333333333333333
5 0.3859375 0.6134259259259259 0.017708333333333333 0.11018518518518519
4 0.39296875 0.5888888888888889 0.0140625 0.0962962962962963
6 0.4356770833333333 0.5717592592592593 0.022395833333333334 0.09537037037037037
7 0.49140625 0.18935185185185185 0.034895833333333334 0.05648148148148149
