5 0.38385416666666666 0.6106481481481482 0.025 0.10648148148148148
4 0.3924479166666667 0.5856481481481481 0.0171875 0.09351851851851853
6 0.43828125 0.5685185185185185 0.0203125 0.09444444444444444
0 0.46770833333333334 0.4467592592592593 0.008333333333333333 0.032407407407407406
0 0.46822916666666664 0.48935185185185187 0.009375 0.03425925925925926
0 0.46875 0.5402777777777777 0.010416666666666666 0.03425925925925926
0 0.47109375 0.5962962962962963 0.009895833333333333 0.037037037037037035
0 0.4765625 0.8356481481481481 0.014583333333333334 0.04722222222222222
0 0.47239583333333335 0.7402777777777778 0.013541666666666667 0.04537037037037037
0 0.4713541666666667 0.6625 0.011458333333333333 0.03796296296296296
0 0.434375 0.9500000000000001 0.016666666666666666 0.05555555555555556
7 0.49166666666666664 0.18703703703703706 0.034375 0.05555555555555556
