7 0.49296875 0.12824074074074074 0.0328125 0.058333333333333334
12 0.38984375 0.6800925925925926 0.022395833333333334 0.12314814814814816
12 0.45598958333333334 0.6527777777777778 0.0234375 0.11111111111111112
11 0.41640625 0.6226851851851852 0.0265625 0.10648148148148148
0 0.4700520833333333 0.34675925925925927 0.009895833333333333 0.030555555555555558
0 0.47161458333333334 0.38101851851851853 0.008854166666666666 0.030555555555555558
0 0.471875 0.42129629629629634 0.009375 0.03333333333333333
0 0.47369791666666666 0.46481481481481485 0.011979166666666666 0.03333333333333333
0 0.4739583333333333 0.513425925925926 0.013541666666666667 0.03796296296296296
0 0.4747395833333333 0.5726851851851852 0.013020833333333334 0.03796296296296296
0 0.4770833333333333 0.6398148148148148 0.014583333333333334 0.040740740740740744
0 0.44296874999999997 0.7185185185185186 0.01614583333333333 0.044444444444444446
0 0.40572916666666664 0.812962962962963 0.015625 0.05
0 0.35625 0.9277777777777778 0.015625 0.053703703703703705
