7 0.4966145833333333 0.13055555555555556 0.0296875 0.05
0 0.47812499999999997 0.31157407407407406 0.008333333333333333 0.02314814814814815
0 0.47890625 0.33842592592592596 0.008854166666666666 0.026851851851851852
0 0.47994791666666664 0.36944444444444446 0.0078125 0.02962962962962963
0 0.4828125 0.4013888888888889 0.010416666666666666 0.030555555555555558
0 0.48359375 0.43703703703703706 0.008854166666666666 0.031481481481481485
0 0.48463541666666665 0.48055555555555557 0.0109375 0.03333333333333333
0 0.48802083333333335 0.5268518518518519 0.010416666666666666 0.03888888888888889
0 0.46067708333333335 0.5833333333333334 0.0109375 0.03518518518518519
0 0.4315104166666667 0.6462962962962964 0.0140625 0.03888888888888889
0 0.3950520833333333 0.7194444444444444 0.011979166666666666 0.040740740740740744
5 0.4125 0.46296296296296297 0.016666666666666666 0.08703703703703704
8 0.44140625 0.45092592592592595 0.015104166666666667 0.07962962962962963
5 0.4666666666666667 0.4476851851851852 0.015625 0.08055555555555556
