7 0.4927083333333333 0.16018518518518518 0.034375 0.061111111111111116
0 0.4283854166666667 0.9523148148148148 0.0140625 0.05648148148148149
0 0.47291666666666665 0.8319444444444445 0.014583333333333334 0.049074074074074076
0 0.47031249999999997 0.7319444444444445 0.013541666666666667 0.04537037037037037
0 0.46979166666666666 0.650462962962963 0.011458333333333333 0.04166666666666667
0 0.46979166666666666 0.5819444444444445 0.010416666666666666 0.03796296296296296
0 0.4671875 0.5212962962962964 0.010416666666666666 0.03518518518518519
0 0.4671875 0.46944444444444444 0.009375 0.03333333333333333
0 0.4671875 0.42685185185185187 0.008333333333333333 0.031481481481481485
12 0.4328125 0.7444444444444445 0.026041666666666668 0.12222222222222223
7 0.35911458333333335 0.8013888888888889 0.025520833333333333 0.13796296296296298
11 0.40338541666666666 0.700925925925926 0.021354166666666667 0.11481481481481481
