7 0.4908854166666667 0.20046296296296298 0.0390625 0.06944444444444445
0 0.4596354166666667 0.5435185185185185 0.011979166666666666 0.037037037037037035
0 0.4596354166666667 0.6069444444444445 0.011979166666666666 0.03796296296296296
0 0.4596354166666667 0.6819444444444445 0.013020833333333334 0.04351851851851852
0 0.4609375 0.7703703703703704 0.0125 0.04814814814814815
0 0.4596354166666667 0.8819444444444445 0.0171875 0.05277777777777778
0 0.4596354166666667 0.9939814814814815 0.0078125 0.012037037037037037
12 0.34661458333333334 0.8870370370370371 0.030729166666666665 0.15
11 0.4002604166666667 0.7990740740740742 0.0234375 0.12962962962962962
12 0.43828125 0.7481481481481482 0.027604166666666666 0.12222222222222223
