7 0.49322916666666666 0.16944444444444445 0.035416666666666666 0.06296296296296297
0 0.4666666666666667 0.4527777777777778 0.009375 0.031481481481481485
0 0.4671875 0.5013888888888889 0.011458333333333333 0.03425925925925926
0 0.46640624999999997 0.5578703703703703 0.011979166666666666 0.03796296296296296
0 0.46901041666666665 0.6226851851851852 0.0109375 0.04166666666666667
0 0.46901041666666665 0.700925925925926 0.013020833333333334 0.044444444444444446
0 0.46901041666666665 0.7925925925925926 0.0140625 0.04814814814814815
12 0.35963541666666665 0.8157407407407408 0.028645833333333332 0.14444444444444446
12 0.4283854166666667 0.7462962962962963 0.0265625 0.12222222222222223
11 0.3848958333333333 0.7291666666666667 0.021875 0.11944444444444445
0 0.47213541666666664 0.9050925925925927 0.01614583333333333 0.05092592592592593
