12 0.3765625 0.7689814814814815 0.029166666666666667 0.13240740740740742
12 0.4484375 0.7592592592592593 0.026041666666666668 0.12407407407407407
11 0.3989583333333333 0.6680555555555556 0.02395833333333333 0.11203703703703705
0 0.4359375 0.8564814814814815 0.016666666666666666 0.053703703703703705
0 0.4752604166666667 0.7541666666666667 0.015104166666666667 0.049074074074074076
0 0.47291666666666665 0.6689814814814815 0.014583333333333334 0.04722222222222222
0 0.4708333333333333 0.5962962962962963 0.0125 0.04259259259259259
0 0.46848958333333335 0.3944444444444445 0.0078125 0.03333333333333333
0 0.46979166666666666 0.4828703703703704 0.010416666666666666 0.036111111111111115
0 0.47161458333333334 0.5351851851851852 0.0109375 0.037037037037037035
