3 0.41041666666666665 0.924537037037037 0.03854166666666667 0.14722222222222223
0 0.3854166666666667 0.6712962962962963 0.007291666666666667 0.037037037037037035
0 0.42343749999999997 0.6027777777777777 0.007291666666666667 0.03888888888888889
0 0.4515625 0.5430555555555556 0.007291666666666667 0.032407407407407406
0 0.4796875 0.48888888888888893 0.007291666666666667 0.02592592592592593
0 0.4783854166666667 0.4425925925925926 0.0067708333333333336 0.02777777777777778
0 0.4765625 0.4046296296296297 0.00625 0.02592592592592593
0 0.4765625 0.36574074074074076 0.00625 0.022222222222222223
0 0.4739583333333333 0.3314814814814815 0.007291666666666667 0.022222222222222223
0 0.4739583333333333 0.30462962962962964 0.004166666666666667 0.018518518518518517
0 0.4734375 0.27592592592592596 0.004166666666666667 0.020370370370370372
12 0.4614583333333333 0.4847222222222222 0.029166666666666667 0.09722222222222222
12 0.40963541666666664 0.5120370370370371 0.0203125 0.09444444444444444
11 0.42578125 0.4865740740740741 0.01614583333333333 0.08611111111111111
7 0.4940104166666667 0.09814814814814815 0.0265625 0.05555555555555556
