6 0.44036458333333334 0.5601851851851852 0.0203125 0.09444444444444444
5 0.38229166666666664 0.6023148148148149 0.017708333333333333 0.10648148148148148
4 0.39817708333333335 0.5819444444444445 0.013020833333333334 0.09722222222222222
0 0.4361979166666667 0.9287037037037037 0.0140625 0.05740740740740741
0 0.47552083333333334 0.8162037037037038 0.010416666666666666 0.04351851851851852
0 0.471875 0.725462962962963 0.011458333333333333 0.04166666666666667
0 0.47161458333333334 0.6490740740740741 0.011979166666666666 0.037037037037037035
0 0.4713541666666667 0.5861111111111111 0.008333333333333333 0.037037037037037035
0 0.46953125 0.5314814814814816 0.009895833333333333 0.03333333333333333
0 0.46848958333333335 0.4828703703703704 0.009895833333333333 0.030555555555555558
0 0.46796875 0.43842592592592594 0.0078125 0.03425925925925926
7 0.4927083333333333 0.18425925925925926 0.036458333333333336 0.05740740740740741
