3 0.41901041666666666 0.825462962962963 0.0296875 0.14166666666666666
0 0.3927083333333333 0.6134259259259259 0.011458333333333333 0.04351851851851852
0 0.4278645833333333 0.5518518518518519 0.0109375 0.03888888888888889
0 0.4552083333333333 0.49768518518518523 0.010416666666666666 0.03425925925925926
0 0.48151041666666666 0.4486111111111111 0.0078125 0.036111111111111115
0 0.48020833333333335 0.4101851851851852 0.008333333333333333 0.02777777777777778
0 0.4765625 0.3712962962962963 0.00625 0.02592592592592593
0 0.47760416666666666 0.33842592592592596 0.007291666666666667 0.028703703703703703
0 0.47578125 0.3074074074074074 0.005729166666666666 0.02592592592592593
0 0.47578125 0.28240740740740744 0.005729166666666666 0.022222222222222223
0 0.4752604166666667 0.2574074074074074 0.0067708333333333336 0.024074074074074074
12 0.4497395833333333 0.4444444444444445 0.0171875 0.08148148148148149
12 0.4171875 0.48935185185185187 0.020833333333333332 0.09537037037037037
11 0.4278645833333333 0.4222222222222222 0.0140625 0.03888888888888889
7 0.4940104166666667 0.08842592592592594 0.030729166666666665 0.05277777777777778
