7 0.49635416666666665 0.12962962962962962 0.029166666666666667 0.05185185185185186
5 0.4669270833333333 0.44351851851851853 0.0171875 0.07777777777777778
8 0.440625 0.4486111111111111 0.015625 0.08055555555555556
5 0.4114583333333333 0.4587962962962963 0.017708333333333333 0.08425925925925926
3 0.42265625 0.9055555555555556 0.028645833333333332 0.13518518518518519
0 0.39453125 0.7050925925925926 0.011979166666666666 0.04537037037037037
0 0.4315104166666667 0.6333333333333333 0.0109375 0.037037037037037035
0 0.459375 0.5712962962962963 0.010416666666666666 0.03518518518518519
0 0.4869791666666667 0.5185185185185185 0.011458333333333333 0.031481481481481485
0 0.48385416666666664 0.47222222222222227 0.008333333333333333 0.02962962962962963
0 0.4825520833333333 0.43194444444444446 0.0078125 0.026851851851851852
0 0.4828125 0.39583333333333337 0.009375 0.026851851851851852
0 0.4796875 0.362962962962963 0.008333333333333333 0.022222222222222223
0 0.47942708333333334 0.33287037037037037 0.0078125 0.021296296296296296
0 0.47812499999999997 0.30694444444444446 0.009375 0.025
