0 0.3885416666666667 0.6439814814814815 0.014583333333333334 0.05277777777777778
0 0.42526041666666664 0.5712962962962963 0.0109375 0.040740740740740744
0 0.45338541666666665 0.5199074074074074 0.0109375 0.04166666666666667
0 0.4809895833333333 0.4689814814814815 0.005729166666666666 0.028703703703703703
0 0.4783854166666667 0.4240740740740741 0.0067708333333333336 0.02592592592592593
0 0.4765625 0.3851851851851852 0.007291666666666667 0.02592592592592593
0 0.4778645833333333 0.350462962962963 0.0067708333333333336 0.026851851851851852
0 0.47578125 0.3189814814814815 0.0067708333333333336 0.026851851851851852
0 0.4752604166666667 0.29074074074074074 0.005729166666666666 0.022222222222222223
0 0.4752604166666667 0.26712962962962966 0.0078125 0.025
12 0.4583333333333333 0.45925925925925926 0.019791666666666666 0.08148148148148149
12 0.4145833333333333 0.49953703703703706 0.02395833333333333 0.09537037037037037
11 0.4265625 0.4439814814814815 0.014583333333333334 0.04537037037037037
7 0.4927083333333333 0.09166666666666667 0.026041666666666668 0.05
3 0.4127604166666667 0.8675925925925926 0.025520833333333333 0.13333333333333333
