3 0.4322916666666667 0.6958333333333334 0.026041666666666668 0.11944444444444445
0 0.40651041666666665 0.5319444444444444 0.0109375 0.03796296296296296
0 0.43723958333333335 0.4814814814814815 0.0078125 0.02962962962962963
0 0.4596354166666667 0.4356481481481482 0.0078125 0.026851851851851852
0 0.48411458333333335 0.3939814814814815 0.0078125 0.028703703703703703
0 0.4828125 0.3592592592592593 0.007291666666666667 0.02592592592592593
0 0.48151041666666666 0.33287037037037037 0.0078125 0.030555555555555558
0 0.4809895833333333 0.2990740740740741 0.005729166666666666 0.020370370370370372
0 0.4791666666666667 0.2712962962962963 0.004166666666666667 0.024074074074074074
0 0.4783854166666667 0.24861111111111112 0.0046875 0.017592592592592594
0 0.47734375 0.22916666666666669 0.0067708333333333336 0.019444444444444445
12 0.44895833333333335 0.40694444444444444 0.01875 0.08055555555555556
12 0.4265625 0.43703703703703706 0.017708333333333333 0.08703703703703704
11 0.4239583333333333 0.3888888888888889 0.009375 0.024074074074074074
7 0.49583333333333335 0.07592592592592592 0.030208333333333334 0.05
