0 0.4700520833333333 0.9064814814814816 0.01614583333333333 0.053703703703703705
0 0.46953125 0.7990740740740742 0.0140625 0.04814814814814815
0 0.46979166666666666 0.7097222222222223 0.011458333333333333 0.04722222222222222
0 0.4669270833333333 0.637962962962963 0.011979166666666666 0.037037037037037035
0 0.4669270833333333 0.5740740740740741 0.011979166666666666 0.037037037037037035
0 0.4661458333333333 0.5199074074074074 0.010416666666666666 0.03796296296296296
6 0.44296874999999997 0.6231481481481481 0.0171875 0.10370370370370371
4 0.396875 0.6314814814814815 0.020833333333333332 0.1
5 0.371875 0.6671296296296296 0.021875 0.11574074074074074
7 0.49453125 0.21296296296296297 0.034895833333333334 0.06296296296296297
