7 0.4927083333333333 0.1574074074074074 0.034375 0.05925925925925926
12 0.36223958333333334 0.7939814814814815 0.025520833333333333 0.13611111111111113
11 0.40338541666666666 0.6944444444444444 0.0234375 0.11111111111111112
12 0.43333333333333335 0.7481481481481482 0.028125 0.11851851851851852
0 0.4302083333333333 0.9402777777777778 0.015625 0.05648148148148149
0 0.4739583333333333 0.8208333333333334 0.013541666666666667 0.05092592592592593
0 0.47109375 0.725 0.013020833333333334 0.044444444444444446
0 0.47031249999999997 0.6439814814814815 0.0125 0.04166666666666667
0 0.4671875 0.4217592592592593 0.008333333333333333 0.030555555555555558
0 0.46848958333333335 0.4652777777777778 0.008854166666666666 0.030555555555555558
0 0.46770833333333334 0.5171296296296296 0.010416666666666666 0.03425925925925926
0 0.46979166666666666 0.576388888888889 0.010416666666666666 0.03796296296296296
