0 0.39921875 0.5810185185185185 0.008854166666666666 0.036111111111111115
0 0.4315104166666667 0.5222222222222223 0.0078125 0.03518518518518519
0 0.4578125 0.46990740740740744 0.00625 0.032407407407407406
0 0.4828125 0.4291666666666667 0.005208333333333333 0.028703703703703703
0 0.4796875 0.3907407407407408 0.007291666666666667 0.02777777777777778
0 0.4796875 0.35324074074074074 0.005208333333333333 0.026851851851851852
0 0.4783854166666667 0.3231481481481482 0.0046875 0.02592592592592593
0 0.47734375 0.29444444444444445 0.005729166666666666 0.02777777777777778
0 0.47734375 0.2675925925925926 0.005729166666666666 0.020370370370370372
0 0.47578125 0.24351851851851852 0.0036458333333333334 0.020370370370370372
12 0.45651041666666664 0.4314814814814815 0.0140625 0.08333333333333334
12 0.41770833333333335 0.4689814814814815 0.025 0.09351851851851853
11 0.4203125 0.412962962962963 0.017708333333333333 0.04814814814814815
7 0.49453125 0.08425925925925926 0.028645833333333332 0.05185185185185186
3 0.42265625 0.7712962962962964 0.027604166666666666 0.13148148148148148
