0 0.4015625 0.5583333333333333 0.011458333333333333 0.040740740740740744
0 0.43385416666666665 0.5013888888888889 0.00625 0.032407407407407406
0 0.45859374999999997 0.45833333333333337 0.0067708333333333336 0.031481481481481485
0 0.48411458333333335 0.412962962962963 0.0067708333333333336 0.031481481481481485
0 0.48072916666666665 0.37777777777777777 0.00625 0.024074074074074074
0 0.48020833333333335 0.34305555555555556 0.007291666666666667 0.02314814814814815
0 0.4796875 0.3138888888888889 0.005208333333333333 0.02962962962962963
0 0.4791666666666667 0.2828703703703704 0.005208333333333333 0.021296296296296296
0 0.4778645833333333 0.25925925925925924 0.005729166666666666 0.018518518518518517
0 0.47734375 0.23842592592592593 0.005729166666666666 0.019444444444444445
3 0.45286458333333335 0.4222222222222222 0.0140625 0.08518518518518518
3 0.42213541666666665 0.4518518518518519 0.021354166666666667 0.08333333333333334
11 0.42343749999999997 0.3995370370370371 0.016666666666666666 0.030555555555555558
7 0.4940104166666667 0.08101851851851852 0.0296875 0.04537037037037037
3 0.4278645833333333 0.7388888888888889 0.0234375 0.12592592592592594
