7 0.4927083333333333 0.1462962962962963 0.03125 0.05925925925925926
0 0.47291666666666665 0.34953703703703703 0.008333333333333333 0.02314814814814815
0 0.4739583333333333 0.3768518518518519 0.007291666666666667 0.031481481481481485
0 0.4739583333333333 0.4138888888888889 0.009375 0.02962962962962963
0 0.4765625 0.45 0.010416666666666666 0.031481481481481485
0 0.47682291666666665 0.4962962962962963 0.0109375 0.031481481481481485
0 0.4786458333333333 0.5458333333333334 0.011458333333333333 0.036111111111111115
0 0.4817708333333333 0.6023148148148149 0.011458333333333333 0.03796296296296296
0 0.4510416666666667 0.6689814814814815 0.013541666666666667 0.03981481481481482
0 0.41796875 0.7462962962962963 0.015104166666666667 0.044444444444444446
0 0.37526041666666665 0.837962962962963 0.013020833333333334 0.0462962962962963
5 0.45026041666666666 0.4740740740740741 0.019270833333333334 0.08148148148148149
8 0.42291666666666666 0.47962962962962963 0.016666666666666666 0.08703703703703704
5 0.4002604166666667 0.5023148148148149 0.021354166666666667 0.08981481481481482
