7 0.49296875 0.10648148148148148 0.033854166666666664 0.053703703703703705
3 0.40781249999999997 0.975462962962963 0.028125 0.03981481481481482
12 0.40781249999999997 0.5541666666666667 0.022916666666666665 0.10462962962962963
12 0.45989583333333334 0.5416666666666667 0.021875 0.09444444444444444
11 0.4309895833333333 0.5152777777777778 0.019270833333333334 0.09722222222222222
0 0.4731770833333333 0.2949074074074074 0.009895833333333333 0.028703703703703703
0 0.47421874999999997 0.32453703703703707 0.009895833333333333 0.026851851851851852
0 0.47421874999999997 0.3560185185185185 0.0109375 0.028703703703703703
0 0.47630208333333335 0.3912037037037037 0.0109375 0.030555555555555558
0 0.4765625 0.4324074074074074 0.010416666666666666 0.03518518518518519
0 0.4783854166666667 0.4759259259259259 0.0109375 0.03518518518518519
0 0.4796875 0.5282407407407408 0.011458333333333333 0.03796296296296296
0 0.45026041666666666 0.5893518518518519 0.011979166666666666 0.03981481481481482
0 0.4203125 0.6569444444444444 0.013541666666666667 0.04351851851851852
0 0.3796875 0.7384259259259259 0.013541666666666667 0.04537037037037037
