7 0.49374999999999997 0.12546296296296297 0.03333333333333333 0.06018518518518519
12 0.3921875 0.6662037037037037 0.029166666666666667 0.12314814814814816
12 0.45416666666666666 0.6449074074074075 0.026041666666666668 0.11018518518518519
11 0.41953124999999997 0.6157407407407408 0.021354166666666667 0.10740740740740741
0 0.47109375 0.34074074074074073 0.008854166666666666 0.031481481481481485
0 0.47213541666666664 0.3740740740740741 0.0078125 0.02962962962962963
0 0.47213541666666664 0.412962962962963 0.009895833333333333 0.031481481481481485
0 0.47421874999999997 0.4564814814814815 0.009895833333333333 0.03518518518518519
0 0.47421874999999997 0.5060185185185185 0.011979166666666666 0.036111111111111115
0 0.4752604166666667 0.5615740740740741 0.011979166666666666 0.03796296296296296
0 0.4783854166666667 0.6273148148148149 0.011979166666666666 0.04166666666666667
0 0.44375 0.7046296296296296 0.013541666666666667 0.04259259259259259
0 0.4075520833333333 0.7949074074074074 0.01614583333333333 0.05092592592592593
0 0.35911458333333335 0.9069444444444444 0.01614583333333333 0.05277777777777778
