7 0.49609375 0.13518518518518519 0.0296875 0.053703703703703705
0 0.47734375 0.31712962962962965 0.0078125 0.025
0 0.47890625 0.3472222222222222 0.008854166666666666 0.02962962962962963
0 0.4786458333333333 0.3768518518518519 0.0125 0.031481481481481485
0 0.4817708333333333 0.41064814814814815 0.0125 0.030555555555555558
0 0.4822916666666667 0.45046296296296295 0.009375 0.03425925925925926
0 0.48411458333333335 0.49259259259259264 0.009895833333333333 0.037037037037037035
0 0.4861979166666667 0.5416666666666667 0.0109375 0.037037037037037035
0 0.459375 0.5962962962962963 0.011458333333333333 0.03888888888888889
0 0.42890625 0.662962962962963 0.0140625 0.03888888888888889
0 0.39166666666666666 0.7398148148148148 0.013541666666666667 0.04259259259259259
5 0.46328125 0.45 0.0203125 0.07962962962962963
8 0.43307291666666664 0.45972222222222225 0.01614583333333333 0.08055555555555556
5 0.41041666666666665 0.46944444444444444 0.017708333333333333 0.0925925925925926
3 0.4203125 0.9439814814814815 0.030208333333333334 0.10648148148148148
