3 0.4236979166666667 0.8666666666666667 0.0234375 0.12962962962962962
5 0.4140625 0.4527777777777778 0.015625 0.08703703703703704
5 0.4666666666666667 0.4388888888888889 0.015625 0.07777777777777778
8 0.4427083333333333 0.44212962962962965 0.013541666666666667 0.08055555555555556
0 0.3958333333333333 0.6800925925925926 0.010416666666666666 0.03981481481481482
0 0.43124999999999997 0.6111111111111112 0.010416666666666666 0.037037037037037035
0 0.45859374999999997 0.5527777777777778 0.009895833333333333 0.03518518518518519
0 0.4856770833333333 0.5037037037037038 0.008854166666666666 0.02962962962962963
0 0.4830729166666667 0.4587962962962963 0.008854166666666666 0.032407407407407406
0 0.48125 0.4189814814814815 0.008333333333333333 0.030555555555555558
0 0.48125 0.3842592592592593 0.007291666666666667 0.02777777777777778
0 0.47942708333333334 0.3541666666666667 0.0078125 0.025
0 0.47890625 0.32453703703703707 0.0078125 0.025
0 0.47812499999999997 0.29953703703703705 0.008333333333333333 0.02314814814814815
7 0.49557291666666664 0.12592592592592594 0.027604166666666666 0.04814814814814815
