7 0.49166666666666664 0.18935185185185185 0.0375 0.06944444444444445
0 0.46197916666666666 0.5069444444444444 0.009375 0.03425925925925926
0 0.46197916666666666 0.5662037037037038 0.009375 0.036111111111111115
0 0.4614583333333333 0.6319444444444444 0.011458333333333333 0.03981481481481482
0 0.4635416666666667 0.7111111111111111 0.0125 0.044444444444444446
0 0.4627604166666667 0.8064814814814815 0.0140625 0.04814814814814815
0 0.4635416666666667 0.9231481481481482 0.015625 0.05555555555555556
12 0.35390625 0.8657407407407408 0.028645833333333332 0.14814814814814814
12 0.42526041666666664 0.7601851851851852 0.03177083333333333 0.12222222222222223
11 0.3927083333333333 0.8060185185185186 0.025 0.13611111111111113
