3 0.4315104166666667 0.7018518518518518 0.0390625 0.13148148148148148
0 0.40598958333333335 0.5342592592592593 0.008854166666666666 0.037037037037037035
0 0.43645833333333334 0.48379629629629634 0.008333333333333333 0.036111111111111115
0 0.4596354166666667 0.4393518518518519 0.0078125 0.030555555555555558
0 0.48541666666666666 0.3976851851851852 0.005208333333333333 0.025
0 0.4828125 0.3648148148148148 0.007291666666666667 0.02592592592592593
0 0.48151041666666666 0.32962962962962966 0.0078125 0.02777777777777778
0 0.48151041666666666 0.3050925925925926 0.0078125 0.021296296296296296
0 0.4796875 0.27870370370370373 0.005208333333333333 0.022222222222222223
0 0.47890625 0.2537037037037037 0.0067708333333333336 0.020370370370370372
0 0.4783854166666667 0.23101851851851854 0.005729166666666666 0.02314814814814815
12 0.45078124999999997 0.4087962962962963 0.019270833333333334 0.08425925925925926
12 0.42526041666666664 0.43703703703703706 0.019270833333333334 0.08703703703703704
11 0.42578125 0.3861111111111111 0.011979166666666666 0.02777777777777778
7 0.4940104166666667 0.0763888888888889 0.0359375 0.049074074074074076
