7 0.4921875 0.1638888888888889 0.03229166666666666 0.05925925925925926
0 0.4705729166666667 0.38657407407407407 0.0078125 0.028703703703703703
0 0.471875 0.4222222222222222 0.008333333333333333 0.031481481481481485
0 0.47291666666666665 0.46064814814814814 0.008333333333333333 0.03425925925925926
0 0.4747395833333333 0.5078703703703704 0.009895833333333333 0.03425925925925926
0 0.4747395833333333 0.5583333333333333 0.009895833333333333 0.037037037037037035
0 0.4765625 0.6189814814814815 0.010416666666666666 0.03981481481481482
0 0.47942708333333334 0.688425925925926 0.011979166666666666 0.03981481481481482
0 0.44479166666666664 0.7699074074074075 0.011458333333333333 0.04537037037037037
0 0.40781249999999997 0.8689814814814815 0.013541666666666667 0.049074074074074076
0 0.3559895833333333 0.9810185185185185 0.0109375 0.03425925925925926
5 0.44140625 0.500925925925926 0.019270833333333334 0.08518518518518518
4 0.40703125 0.5143518518518518 0.019270833333333334 0.08981481481481482
5 0.3953125 0.5319444444444444 0.014583333333333334 0.09537037037037037
