7 0.4940104166666667 0.1398148148148148 0.033854166666666664 0.05555555555555556
12 0.38828125 0.7208333333333333 0.034895833333333334 0.1212962962962963
12 0.46640624999999997 0.7138888888888889 0.018229166666666668 0.11481481481481481
11 0.4044270833333333 0.6453703703703704 0.021354166666666667 0.10555555555555556
0 0.47031249999999997 0.3699074074074074 0.008333333333333333 0.032407407407407406
0 0.47161458333333334 0.40925925925925927 0.009895833333333333 0.02962962962962963
0 0.47161458333333334 0.45 0.011979166666666666 0.03518518518518519
0 0.4747395833333333 0.49722222222222223 0.0109375 0.037037037037037035
0 0.4744791666666667 0.5555555555555556 0.0125 0.03518518518518519
0 0.4752604166666667 0.6180555555555556 0.013020833333333334 0.04166666666666667
0 0.4783854166666667 0.6953703703703704 0.013020833333333334 0.044444444444444446
0 0.44036458333333334 0.7819444444444444 0.0171875 0.049074074074074076
0 0.4010416666666667 0.8921296296296297 0.015625 0.05092592592592593
