7 0.4934895833333333 0.11990740740740741 0.0328125 0.06018518518518519
12 0.3997395833333333 0.6347222222222223 0.024479166666666666 0.11944444444444445
12 0.45703125 0.6185185185185186 0.021354166666666667 0.10740740740740741
11 0.42343749999999997 0.5851851851851853 0.02395833333333333 0.10370370370370371
0 0.4713541666666667 0.3277777777777778 0.008333333333333333 0.02962962962962963
0 0.47265625 0.3611111111111111 0.009895833333333333 0.031481481481481485
0 0.47239583333333335 0.39675925925925926 0.011458333333333333 0.030555555555555558
0 0.475 0.4375 0.011458333333333333 0.036111111111111115
0 0.4744791666666667 0.48240740740740745 0.013541666666666667 0.03888888888888889
0 0.47630208333333335 0.5365740740740741 0.013020833333333334 0.03981481481481482
0 0.47812499999999997 0.5981481481481482 0.0125 0.040740740740740744
0 0.4440104166666667 0.6703703703703704 0.015104166666666667 0.044444444444444446
0 0.4106770833333333 0.7532407407407408 0.01614583333333333 0.049074074074074076
0 0.36328125 0.8541666666666667 0.01614583333333333 0.05277777777777778
