0 0.47369791666666666 0.9736111111111111 0.018229166666666668 0.049074074074074076
0 0.4705729166666667 0.8550925925925926 0.015104166666666667 0.05092592592592593
0 0.46953125 0.7574074074074074 0.0140625 0.044444444444444446
0 0.4692708333333333 0.675 0.011458333333333333 0.044444444444444446
0 0.4674479166666667 0.6078703703703704 0.011979166666666666 0.03796296296296296
0 0.4674479166666667 0.5486111111111112 0.0109375 0.036111111111111115
0 0.46640624999999997 0.4962962962962963 0.009895833333333333 0.037037037037037035
6 0.4380208333333333 0.6074074074074074 0.016666666666666666 0.10185185185185186
4 0.39088541666666665 0.6171296296296297 0.0203125 0.10277777777777779
5 0.37838541666666664 0.6481481481481481 0.018229166666666668 0.11296296296296297
7 0.49296875 0.20462962962962963 0.0359375 0.061111111111111116
