3 0.42161458333333335 0.7981481481481482 0.0265625 0.12592592592592594
0 0.39609375 0.5962962962962963 0.008854166666666666 0.03518518518518519
0 0.4302083333333333 0.5365740740740741 0.007291666666666667 0.036111111111111115
0 0.45651041666666664 0.4842592592592593 0.0078125 0.03518518518518519
0 0.48203124999999997 0.44027777777777777 0.0067708333333333336 0.030555555555555558
0 0.47890625 0.3976851851851852 0.005729166666666666 0.026851851851851852
0 0.4783854166666667 0.3648148148148148 0.005729166666666666 0.02592592592592593
0 0.4791666666666667 0.32916666666666666 0.004166666666666667 0.02314814814814815
0 0.4765625 0.3023148148148148 0.005208333333333333 0.025
0 0.4765625 0.274537037037037 0.005208333333333333 0.019444444444444445
0 0.47604166666666664 0.250462962962963 0.00625 0.026851851851851852
12 0.45026041666666666 0.4388888888888889 0.01614583333333333 0.08703703703703704
12 0.4158854166666667 0.4814814814814815 0.0234375 0.0925925925925926
11 0.42343749999999997 0.42129629629629634 0.014583333333333334 0.0462962962962963
7 0.4947916666666667 0.08888888888888889 0.03125 0.05555555555555556
