7 0.5010416666666666 0.05092592592592593 0.026041666666666668 0.04259259259259259
0 0.48593749999999997 0.17500000000000002 0.005208333333333333 0.018518518518518517
0 0.4864583333333333 0.1925925925925926 0.00625 0.018518518518518517
0 0.48723958333333334 0.20925925925925926 0.0078125 0.020370370370370372
0 0.4895833333333333 0.2300925925925926 0.00625 0.021296296296296296
0 0.4895833333333333 0.2513888888888889 0.007291666666666667 0.021296296296296296
0 0.4908854166666667 0.274537037037037 0.0078125 0.021296296296296296
0 0.4927083333333333 0.2990740740740741 0.007291666666666667 0.02592592592592593
0 0.4734375 0.3277777777777778 0.008333333333333333 0.02777777777777778
0 0.45416666666666666 0.3592592592592593 0.009375 0.02777777777777778
0 0.42916666666666664 0.3893518518518519 0.005208333333333333 0.017592592592592594
3 0.45416666666666666 0.425 0.017708333333333333 0.07777777777777778
3 0.45026041666666666 0.49259259259259264 0.0171875 0.08888888888888889
3 0.43333333333333335 0.41712962962962963 0.016666666666666666 0.0712962962962963
12 0.4354166666666667 0.4449074074074074 0.01875 0.09351851851851853
