0 0.4752604166666667 0.8902777777777778 0.015104166666666667 0.049074074074074076
0 0.47161458333333334 0.7861111111111111 0.015104166666666667 0.044444444444444446
0 0.4700520833333333 0.700462962962963 0.011979166666666666 0.03981481481481482
0 0.4700520833333333 0.6273148148148149 0.0109375 0.04166666666666667
0 0.46822916666666664 0.5675925925925926 0.011458333333333333 0.037037037037037035
0 0.46770833333333334 0.512962962962963 0.010416666666666666 0.03518518518518519
0 0.4671875 0.4666666666666667 0.009375 0.03333333333333333
6 0.43697916666666664 0.5800925925925926 0.02395833333333333 0.09722222222222222
5 0.38229166666666664 0.6296296296296297 0.021875 0.10925925925925926
4 0.3859375 0.6013888888888889 0.017708333333333333 0.10092592592592593
7 0.49296875 0.19583333333333333 0.033854166666666664 0.06018518518518519
