7 0.4966145833333333 0.06018518518518519 0.025520833333333333 0.0462962962962963
0 0.4796875 0.19444444444444445 0.005208333333333333 0.018518518518518517
0 0.4809895833333333 0.21296296296296297 0.0067708333333333336 0.018518518518518517
0 0.4809895833333333 0.23287037037037037 0.0078125 0.021296296296296296
0 0.48333333333333334 0.2555555555555556 0.007291666666666667 0.022222222222222223
0 0.48333333333333334 0.27870370370370373 0.007291666666666667 0.022222222222222223
0 0.48463541666666665 0.3055555555555556 0.0067708333333333336 0.02592592592592593
0 0.4864583333333333 0.33287037037037037 0.007291666666666667 0.028703703703703703
0 0.46588541666666666 0.3675925925925926 0.0078125 0.02777777777777778
0 0.44479166666666664 0.40324074074074073 0.007291666666666667 0.028703703703703703
0 0.4171875 0.4444444444444445 0.007291666666666667 0.02777777777777778
3 0.43776041666666665 0.5606481481481481 0.0203125 0.09722222222222222
11 0.43072916666666666 0.4078703703703704 0.015625 0.075
12 0.42526041666666664 0.43842592592592594 0.01614583333333333 0.08981481481481482
12 0.45208333333333334 0.41435185185185186 0.016666666666666666 0.08055555555555556
