7 0.49322916666666666 0.15185185185185185 0.03125 0.053703703703703705
0 0.471875 0.3523148148148148 0.008333333333333333 0.028703703703703703
0 0.4734375 0.3851851851851852 0.008333333333333333 0.02777777777777778
0 0.4739583333333333 0.4199074074074074 0.008333333333333333 0.030555555555555558
0 0.4765625 0.45787037037037037 0.008333333333333333 0.030555555555555558
0 0.4770833333333333 0.5037037037037038 0.009375 0.02962962962962963
0 0.4783854166666667 0.5537037037037037 0.009895833333333333 0.03518518518518519
0 0.48151041666666666 0.6125 0.009895833333333333 0.03425925925925926
0 0.45 0.6791666666666667 0.014583333333333334 0.04351851851851852
0 0.41744791666666664 0.7601851851851852 0.011979166666666666 0.04259259259259259
0 0.37421875 0.8555555555555556 0.011979166666666666 0.05
5 0.44687499999999997 0.47870370370370374 0.017708333333333333 0.08333333333333334
8 0.4223958333333333 0.4842592592592593 0.017708333333333333 0.08333333333333334
5 0.39791666666666664 0.5092592592592593 0.016666666666666666 0.0962962962962963
