3 0.4395833333333333 0.6277777777777778 0.017708333333333333 0.09814814814814815
5 0.425 0.3944444444444445 0.016666666666666666 0.07777777777777778
5 0.475 0.34861111111111115 0.0125 0.0712962962962963
8 0.44505208333333335 0.35000000000000003 0.013020833333333334 0.06851851851851852
0 0.41562499999999997 0.5143518518518518 0.007291666666666667 0.03425925925925926
0 0.44375 0.46944444444444444 0.008333333333333333 0.031481481481481485
0 0.46640624999999997 0.4305555555555556 0.0078125 0.02777777777777778
0 0.48854166666666665 0.39351851851851855 0.007291666666666667 0.02777777777777778
0 0.48671875 0.36203703703703705 0.0067708333333333336 0.02592592592592593
0 0.48541666666666666 0.33333333333333337 0.00625 0.024074074074074074
0 0.48515625 0.3060185185185185 0.005729166666666666 0.02314814814814815
0 0.48333333333333334 0.28240740740740744 0.007291666666666667 0.022222222222222223
0 0.4828125 0.2601851851851852 0.00625 0.020370370370370372
0 0.4817708333333333 0.24027777777777778 0.005208333333333333 0.021296296296296296
7 0.4984375 0.09907407407407408 0.026041666666666668 0.044444444444444446
