3 0.43854166666666666 0.638888888888889 0.017708333333333333 0.10185185185185186
5 0.42552083333333335 0.3902777777777778 0.013541666666666667 0.07685185185185185
5 0.4708333333333333 0.3509259259259259 0.010416666666666666 0.07037037037037037
8 0.44375 0.3541666666666667 0.015625 0.06944444444444445
0 0.4140625 0.5231481481481481 0.009375 0.03333333333333333
0 0.4427083333333333 0.47685185185185186 0.009375 0.031481481481481485
0 0.465625 0.4361111111111111 0.008333333333333333 0.02962962962962963
0 0.48802083333333335 0.40046296296296297 0.007291666666666667 0.026851851851851852
0 0.48593749999999997 0.36712962962962964 0.007291666666666667 0.026851851851851852
0 0.4848958333333333 0.337037037037037 0.007291666666666667 0.02592592592592593
0 0.484375 0.3101851851851852 0.007291666666666667 0.02592592592592593
0 0.4822916666666667 0.28564814814814815 0.00625 0.02314814814814815
0 0.4825520833333333 0.26435185185185184 0.0067708333333333336 0.021296296296296296
0 0.48151041666666666 0.24351851851851852 0.005729166666666666 0.020370370370370372
7 0.4981770833333333 0.10046296296296296 0.0265625 0.04351851851851852
