7 0.5046875 0.04398148148148148 0.026041666666666668 0.04166666666666667
0 0.4895833333333333 0.16203703703703703 0.004166666666666667 0.018518518518518517
0 0.4908854166666667 0.19398148148148148 0.005729166666666666 0.019444444444444445
0 0.49296875 0.21342592592592594 0.005729166666666666 0.019444444444444445
0 0.49322916666666666 0.23333333333333334 0.007291666666666667 0.020370370370370372
0 0.4947916666666667 0.25601851851851853 0.008333333333333333 0.021296296296296296
0 0.4966145833333333 0.2800925925925926 0.0078125 0.021296296296296296
0 0.4770833333333333 0.30462962962962964 0.008333333333333333 0.02592592592592593
0 0.4591145833333333 0.3314814814814815 0.0078125 0.02777777777777778
0 0.4359375 0.3652777777777778 0.008333333333333333 0.026851851851851852
0 0.4908854166666667 0.17916666666666667 0.005729166666666666 0.015740740740740743
3 0.4395833333333333 0.41712962962962963 0.017708333333333333 0.0712962962962963
3 0.45390625 0.4291666666666667 0.019270833333333334 0.07685185185185185
3 0.4557291666666667 0.4513888888888889 0.015625 0.08055555555555556
3 0.43906249999999997 0.4444444444444445 0.015625 0.08703703703703704
