3 0.43333333333333335 0.6574074074074074 0.019791666666666666 0.11481481481481481
0 0.40781249999999997 0.5087962962962963 0.007291666666666667 0.03981481481481482
0 0.43723958333333335 0.45925925925925926 0.0067708333333333336 0.02962962962962963
0 0.4609375 0.4199074074074074 0.007291666666666667 0.028703703703703703
0 0.48411458333333335 0.3819444444444445 0.005729166666666666 0.02314814814814815
0 0.4822916666666667 0.34675925925925927 0.00625 0.026851851851851852
0 0.48020833333333335 0.3175925925925926 0.007291666666666667 0.024074074074074074
0 0.48072916666666665 0.29120370370370374 0.00625 0.02314814814814815
0 0.4783854166666667 0.26481481481481484 0.005729166666666666 0.022222222222222223
0 0.4770833333333333 0.23935185185185187 0.005208333333333333 0.019444444444444445
0 0.4765625 0.2189814814814815 0.005208333333333333 0.017592592592592594
12 0.4484375 0.4064814814814815 0.016666666666666666 0.08148148148148149
12 0.4184895833333333 0.4314814814814815 0.0140625 0.08518518518518518
11 0.4203125 0.3819444444444445 0.008333333333333333 0.019444444444444445
7 0.4953125 0.07175925925925926 0.029166666666666667 0.05092592592592593
