3 0.43776041666666665 0.6560185185185186 0.019270833333333334 0.10462962962962963
5 0.425 0.38657407407407407 0.0125 0.08055555555555556
5 0.46953125 0.3564814814814815 0.011979166666666666 0.07037037037037037
8 0.4434895833333333 0.3615740740740741 0.0140625 0.06944444444444445
0 0.4127604166666667 0.5356481481481482 0.0078125 0.032407407407407406
0 0.44244791666666666 0.48842592592592593 0.008854166666666666 0.030555555555555558
0 0.46510416666666665 0.44537037037037036 0.008333333333333333 0.02962962962962963
0 0.48802083333333335 0.4087962962962963 0.007291666666666667 0.025
0 0.48593749999999997 0.37453703703703706 0.007291666666666667 0.025
0 0.48463541666666665 0.3439814814814815 0.0078125 0.025
0 0.48463541666666665 0.31574074074074077 0.0067708333333333336 0.02592592592592593
0 0.4828125 0.29212962962962963 0.00625 0.02314814814814815
0 0.4822916666666667 0.26805555555555555 0.00625 0.02314814814814815
0 0.48125 0.25 0.00625 0.020370370370370372
7 0.4981770833333333 0.10185185185185186 0.0265625 0.04259259259259259
