7 0.5223958333333333 0.1287037037037037 0.03125 0.05555555555555556
6 0.3572916666666667 0.37824074074074077 0.020833333333333332 0.07685185185185185
3 0.3794270833333333 0.3902777777777778 0.011979166666666666 0.0712962962962963
0 0.49557291666666664 0.225 0.0078125 0.020370370370370372
0 0.4953125 0.3337962962962963 0.009375 0.028703703703703703
0 0.4778645833333333 0.39305555555555555 0.0109375 0.032407407407407406
0 0.44869791666666664 0.4273148148148148 0.0109375 0.03425925925925926
0 0.41510416666666666 0.4671296296296297 0.011458333333333333 0.032407407407407406
2 0.48463541666666665 0.24305555555555555 0.013020833333333334 0.017592592592592594
2 0.4942708333333333 0.26342592592592595 0.008333333333333333 0.012037037037037037
2 0.48671875 0.28611111111111115 0.01614583333333333 0.016666666666666666
2 0.4921875 0.31157407407407406 0.010416666666666666 0.01388888888888889
2 0.5002604166666667 0.36435185185185187 0.0171875 0.019444444444444445
