7 0.5247395833333334 0.14953703703703705 0.0328125 0.05277777777777778
6 0.3411458333333333 0.4439814814814815 0.022916666666666665 0.08055555555555556
3 0.3580729166666667 0.45740740740740743 0.013020833333333334 0.08148148148148149
0 0.4981770833333333 0.25925925925925924 0.008854166666666666 0.024074074074074074
0 0.49505208333333334 0.38796296296296295 0.009895833333333333 0.02777777777777778
0 0.4783854166666667 0.4620370370370371 0.011979166666666666 0.03888888888888889
0 0.4440104166666667 0.5032407407407408 0.011979166666666666 0.036111111111111115
0 0.40546875 0.5537037037037037 0.011979166666666666 0.03518518518518519
2 0.4864583333333333 0.28240740740740744 0.014583333333333334 0.014814814814814815
2 0.496875 0.3060185185185185 0.009375 0.012037037037037037
2 0.48828125 0.3337962962962963 0.0171875 0.01388888888888889
2 0.49322916666666666 0.3625 0.008333333333333333 0.017592592592592594
2 0.50078125 0.4277777777777778 0.018229166666666668 0.018518518518518517
