7 0.5213541666666667 0.12453703703703704 0.029166666666666667 0.04722222222222222
6 0.365625 0.3597222222222222 0.015625 0.06759259259259259
3 0.3848958333333333 0.3712962962962963 0.0125 0.06851851851851852
0 0.49609375 0.2175925925925926 0.0067708333333333336 0.022222222222222223
0 0.4942708333333333 0.3189814814814815 0.00625 0.02314814814814815
0 0.47994791666666664 0.375 0.009895833333333333 0.02777777777777778
0 0.4505208333333333 0.40601851851851856 0.011458333333333333 0.028703703703703703
0 0.41770833333333335 0.4425925925925926 0.009375 0.031481481481481485
2 0.48593749999999997 0.23564814814814816 0.0125 0.012037037037037037
2 0.49557291666666664 0.25416666666666665 0.0109375 0.017592592592592594
2 0.4875 0.275 0.013541666666666667 0.014814814814814815
2 0.4927083333333333 0.2986111111111111 0.0125 0.01388888888888889
2 0.5 0.34953703703703703 0.015625 0.01388888888888889
