0 0.43776041666666665 0.2800925925925926 0.0046875 0.017592592592592594
0 0.4609375 0.25972222222222224 0.004166666666666667 0.017592592592592594
0 0.48151041666666666 0.24305555555555555 0.0046875 0.015740740740740743
0 0.49296875 0.2263888888888889 0.0026041666666666665 0.017592592592592594
0 0.4921875 0.20925925925925926 0.003125 0.014814814814814815
0 0.4921875 0.1953703703703704 0.0020833333333333333 0.011111111111111112
0 0.4921875 0.18194444444444446 0.004166666666666667 0.012037037037037037
0 0.4921875 0.16898148148148148 0.003125 0.012037037037037037
0 0.4927083333333333 0.15694444444444444 0.003125 0.012037037037037037
0 0.4927083333333333 0.1439814814814815 0.003125 0.015740740740740743
3 0.46197916666666666 0.2212962962962963 0.009375 0.053703703703703705
3 0.4002604166666667 0.24351851851851852 0.013020833333333334 0.05740740740740741
6 0.4752604166666667 0.20972222222222223 0.0109375 0.05277777777777778
7 0.5127604166666666 0.07962962962962963 0.022395833333333334 0.05
