3 0.3794270833333333 0.34351851851851856 0.0140625 0.06666666666666667
3 0.46458333333333335 0.3078703703703704 0.0125 0.062037037037037036
4 0.44140625 0.3 0.011979166666666666 0.061111111111111116
6 0.47890625 0.28055555555555556 0.0109375 0.06296296296296297
0 0.42552083333333335 0.39722222222222225 0.008333333333333333 0.02777777777777778
0 0.4544270833333333 0.3648148148148148 0.008854166666666666 0.02777777777777778
0 0.4809895833333333 0.33842592592592596 0.0078125 0.025
0 0.4940104166666667 0.3125 0.0067708333333333336 0.02314814814814815
0 0.4927083333333333 0.19814814814814816 0.005208333333333333 0.020370370370370372
0 0.49296875 0.21481481481481482 0.005729166666666666 0.016666666666666666
0 0.4921875 0.23148148148148148 0.00625 0.016666666666666666
0 0.4927083333333333 0.24814814814814815 0.00625 0.018518518518518517
0 0.49296875 0.26666666666666666 0.0067708333333333336 0.020370370370370372
0 0.4927083333333333 0.28750000000000003 0.007291666666666667 0.021296296296296296
7 0.5158854166666667 0.11481481481481481 0.025520833333333333 0.04259259259259259
