3 0.3520833333333333 0.4703703703703704 0.019791666666666666 0.08333333333333334
0 0.40781249999999997 0.5425925925925926 0.011458333333333333 0.03518518518518519
0 0.4440104166666667 0.49444444444444446 0.0109375 0.03333333333333333
0 0.4765625 0.4550925925925926 0.010416666666666666 0.030555555555555558
0 0.4927083333333333 0.4189814814814815 0.009375 0.028703703703703703
0 0.4908854166666667 0.38472222222222224 0.008854166666666666 0.026851851851851852
0 0.4927083333333333 0.3541666666666667 0.008333333333333333 0.025
0 0.49140625 0.32685185185185184 0.008854166666666666 0.02592592592592593
0 0.4908854166666667 0.3041666666666667 0.008854166666666666 0.025
0 0.4921875 0.28101851851851856 0.007291666666666667 0.02314814814814815
0 0.4921875 0.2587962962962963 0.007291666666666667 0.02314814814814815
7 0.5171875 0.15601851851851853 0.030208333333333334 0.05462962962962963
6 0.4752604166666667 0.34675925925925927 0.0140625 0.0712962962962963
3 0.44895833333333335 0.4152777777777778 0.014583333333333334 0.07685185185185185
4 0.43333333333333335 0.3842592592592593 0.015625 0.07222222222222223
