7 0.5145833333333333 0.13194444444444445 0.027083333333333334 0.049074074074074076
3 0.36484375 0.39583333333333337 0.0140625 0.0712962962962963
3 0.4635416666666667 0.35462962962962963 0.013541666666666667 0.06851851851851852
4 0.4322916666666667 0.33194444444444443 0.0125 0.0638888888888889
6 0.47552083333333334 0.3060185185185185 0.013541666666666667 0.0638888888888889
0 0.41432291666666665 0.4569444444444445 0.009895833333333333 0.028703703703703703
0 0.4479166666666667 0.4185185185185185 0.008333333333333333 0.02962962962962963
0 0.47682291666666665 0.38657407407407407 0.0078125 0.026851851851851852
0 0.49114583333333334 0.35555555555555557 0.008333333333333333 0.02592592592592593
0 0.48984374999999997 0.32916666666666666 0.0078125 0.025
0 0.4908854166666667 0.3041666666666667 0.0067708333333333336 0.021296296296296296
0 0.48984374999999997 0.2814814814814815 0.0067708333333333336 0.022222222222222223
0 0.48984374999999997 0.2606481481481482 0.0067708333333333336 0.019444444444444445
0 0.4901041666666667 0.2425925925925926 0.00625 0.018518518518518517
0 0.4901041666666667 0.2240740740740741 0.00625 0.020370370370370372
