3 0.30885416666666665 0.7180555555555556 0.014583333333333334 0.10833333333333334
3 0.3229166666666667 0.7240740740740741 0.0125 0.10555555555555556
6 0.29140625 0.6902777777777778 0.019270833333333334 0.10277777777777779
0 0.3692708333333333 0.8805555555555555 0.011458333333333333 0.044444444444444446
0 0.42682291666666666 0.7814814814814816 0.011979166666666666 0.04259259259259259
0 0.47369791666666666 0.7055555555555556 0.0109375 0.03888888888888889
0 0.49635416666666665 0.5768518518518518 0.009375 0.03333333333333333
0 0.5005208333333333 0.3740740740740741 0.00625 0.024074074074074074
2 0.4848958333333333 0.40740740740740744 0.013541666666666667 0.012962962962962964
2 0.49765624999999997 0.44351851851851853 0.0078125 0.012962962962962964
2 0.4864583333333333 0.48564814814814816 0.016666666666666666 0.015740740740740743
2 0.4942708333333333 0.5337962962962963 0.007291666666666667 0.02314814814814815
2 0.50390625 0.6430555555555556 0.0203125 0.019444444444444445
7 0.5328125 0.22268518518518518 0.034375 0.0638888888888889
