3 0.24557291666666667 0.9824074074074074 0.0203125 0.031481481481481485
3 0.2625 0.9861111111111112 0.013541666666666667 0.024074074074074074
6 0.22395833333333334 0.9555555555555556 0.027083333333333334 0.08333333333333334
0 0.4640625 0.9833333333333334 0.008333333333333333 0.02962962962962963
0 0.49583333333333335 0.7847222222222222 0.011458333333333333 0.04166666666666667
0 0.5013020833333334 0.48379629629629634 0.0078125 0.028703703703703703
2 0.4830729166666667 0.5324074074074074 0.0140625 0.014814814814814815
2 0.4979166666666667 0.5828703703703704 0.009375 0.017592592592592594
2 0.4848958333333333 0.6425925925925926 0.01875 0.018518518518518517
2 0.49244791666666665 0.7162037037037037 0.0109375 0.030555555555555558
2 0.50546875 0.887962962962963 0.0265625 0.024074074074074074
7 0.5388020833333333 0.2884259259259259 0.0390625 0.06944444444444445
