0 0.43645833333333334 0.3027777777777778 0.004166666666666667 0.018518518518518517
0 0.4609375 0.2814814814814815 0.004166666666666667 0.018518518518518517
0 0.48333333333333334 0.26203703703703707 0.005208333333333333 0.018518518518518517
0 0.4947916666666667 0.24166666666666667 0.003125 0.014814814814814815
0 0.4942708333333333 0.22685185185185186 0.003125 0.016666666666666666
0 0.4940104166666667 0.20833333333333334 0.0036458333333333334 0.016666666666666666
0 0.4940104166666667 0.19444444444444445 0.0026041666666666665 0.012962962962962964
0 0.4942708333333333 0.1800925925925926 0.003125 0.012037037037037037
0 0.4940104166666667 0.16805555555555557 0.0036458333333333334 0.012037037037037037
0 0.4940104166666667 0.15462962962962964 0.0036458333333333334 0.014814814814814815
3 0.46328125 0.24120370370370373 0.011979166666666666 0.058333333333333334
3 0.3971354166666667 0.26342592592592595 0.0140625 0.06018518518518519
6 0.4783854166666667 0.22037037037037038 0.011979166666666666 0.05740740740740741
7 0.5153645833333333 0.08518518518518518 0.025520833333333333 0.044444444444444446
