3 0.3046875 0.674074074074074 0.030208333333333334 0.13148148148148148
3 0.4359375 0.5805555555555556 0.02395833333333333 0.10555555555555556
7 0.5158854166666667 0.20740740740740743 0.0421875 0.07962962962962963
6 0.47161458333333334 0.4439814814814815 0.021354166666666667 0.09722222222222222
4 0.43854166666666666 0.4953703703703704 0.026041666666666668 0.06296296296296297
0 0.37838541666666664 0.7912037037037037 0.0171875 0.05092592592592593
0 0.42473958333333334 0.7101851851851853 0.0296875 0.05
0 0.47031249999999997 0.6365740740740741 0.020833333333333332 0.04537037037037037
0 0.4927083333333333 0.5796296296296296 0.017708333333333333 0.044444444444444446
0 0.49166666666666664 0.5208333333333334 0.026041666666666668 0.028703703703703703
0 0.4908854166666667 0.47731481481481486 0.0109375 0.03796296296296296
0 0.4934895833333333 0.4356481481481482 0.013020833333333334 0.02314814814814815
0 0.4927083333333333 0.3763888888888889 0.01875 0.030555555555555558
0 0.49140625 0.33472222222222225 0.019270833333333334 0.036111111111111115
