3 0.30104166666666665 0.7023148148148148 0.02395833333333333 0.1175925925925926
0 0.37473958333333335 0.8199074074074074 0.018229166666666668 0.05092592592592593
3 0.44088541666666664 0.6027777777777777 0.0234375 0.10185185185185186
6 0.4739583333333333 0.4569444444444445 0.014583333333333334 0.09537037037037037
4 0.43906249999999997 0.5203703703703704 0.027083333333333334 0.09074074074074075
0 0.4283854166666667 0.7300925925925926 0.0171875 0.049074074074074076
0 0.47031249999999997 0.6615740740740741 0.016666666666666666 0.04166666666666667
0 0.4908854166666667 0.5976851851851852 0.0171875 0.04166666666666667
0 0.4921875 0.5421296296296296 0.010416666666666666 0.03981481481481482
0 0.4940104166666667 0.4939814814814815 0.011979166666666666 0.03796296296296296
0 0.49140625 0.4550925925925926 0.013020833333333334 0.036111111111111115
0 0.4895833333333333 0.4185185185185185 0.010416666666666666 0.03333333333333333
0 0.4921875 0.3814814814814815 0.014583333333333334 0.04259259259259259
0 0.48828125 0.3476851851851852 0.018229166666666668 0.030555555555555558
7 0.5171875 0.20370370370370372 0.042708333333333334 0.06666666666666667
