0 0.43854166666666666 0.27546296296296297 0.004166666666666667 0.019444444444444445
0 0.4614583333333333 0.2564814814814815 0.005208333333333333 0.018518518518518517
0 0.48203124999999997 0.23842592592592593 0.0036458333333333334 0.015740740740740743
0 0.4940104166666667 0.2212962962962963 0.0036458333333333334 0.014814814814814815
0 0.4927083333333333 0.2064814814814815 0.004166666666666667 0.016666666666666666
0 0.49322916666666666 0.19074074074074074 0.003125 0.012962962962962964
0 0.49322916666666666 0.17731481481481481 0.004166666666666667 0.01388888888888889
0 0.4927083333333333 0.1638888888888889 0.004166666666666667 0.012962962962962964
0 0.49322916666666666 0.1527777777777778 0.004166666666666667 0.009259259259259259
0 0.49322916666666666 0.14212962962962963 0.004166666666666667 0.015740740740740743
3 0.4630208333333333 0.21805555555555556 0.0125 0.05277777777777778
3 0.4015625 0.23703703703703705 0.010416666666666666 0.05555555555555556
6 0.4765625 0.20324074074074075 0.008333333333333333 0.05277777777777778
7 0.51328125 0.07685185185185185 0.024479166666666666 0.04259259259259259
