3 0.3497395833333333 0.4740740740740741 0.018229166666666668 0.08333333333333334
0 0.40520833333333334 0.5481481481481482 0.0125 0.03518518518518519
0 0.4427083333333333 0.49722222222222223 0.011458333333333333 0.03333333333333333
0 0.47604166666666664 0.45833333333333337 0.009375 0.03333333333333333
0 0.4921875 0.4199074074074074 0.009375 0.030555555555555558
0 0.4908854166666667 0.3875 0.0078125 0.028703703703703703
0 0.49166666666666664 0.3560185185185185 0.008333333333333333 0.026851851851851852
0 0.49166666666666664 0.3287037037037037 0.008333333333333333 0.024074074074074074
0 0.4903645833333333 0.3027777777777778 0.0078125 0.024074074074074074
0 0.4908854166666667 0.28055555555555556 0.0067708333333333336 0.022222222222222223
0 0.4908854166666667 0.2587962962962963 0.0078125 0.026851851851851852
7 0.5171875 0.1537037037037037 0.030208333333333334 0.05555555555555556
6 0.47421874999999997 0.34490740740740744 0.013020833333333334 0.0712962962962963
3 0.4471354166666667 0.4189814814814815 0.01614583333333333 0.0787037037037037
4 0.4296875 0.38796296296296295 0.016666666666666666 0.06851851851851852
