3 0.3833333333333333 0.32592592592592595 0.0125 0.06481481481481481
3 0.46432291666666664 0.2902777777777778 0.013020833333333334 0.062037037037037036
4 0.44427083333333334 0.28703703703703703 0.015625 0.061111111111111116
6 0.4786458333333333 0.26851851851851855 0.011458333333333333 0.05925925925925926
0 0.4278645833333333 0.375462962962963 0.0078125 0.025
0 0.45651041666666664 0.3462962962962963 0.008854166666666666 0.024074074074074074
0 0.48125 0.3212962962962963 0.008333333333333333 0.024074074074074074
7 0.5158854166666667 0.1087962962962963 0.025520833333333333 0.04351851851851852
7 0.4942708333333333 0.2962962962962963 0.00625 0.022222222222222223
7 0.49322916666666666 0.2763888888888889 0.00625 0.021296296296296296
7 0.49374999999999997 0.25416666666666665 0.005208333333333333 0.019444444444444445
7 0.49374999999999997 0.23703703703703705 0.005208333333333333 0.018518518518518517
7 0.4934895833333333 0.2212962962962963 0.0046875 0.020370370370370372
7 0.49322916666666666 0.2050925925925926 0.005208333333333333 0.017592592592592594
7 0.49322916666666666 0.18842592592592594 0.00625 0.019444444444444445
