3 0.3875 0.3092592592592593 0.014583333333333334 0.06296296296296297
3 0.46041666666666664 0.27546296296296297 0.010416666666666666 0.062037037037037036
6 0.47734375 0.25925925925925924 0.011979166666666666 0.05925925925925926
4 0.44505208333333335 0.27592592592592596 0.0109375 0.05925925925925926
0 0.43072916666666666 0.3574074074074074 0.008333333333333333 0.02592592592592593
0 0.4575520833333333 0.32962962962962966 0.008854166666666666 0.024074074074074074
0 0.4825520833333333 0.3078703703703704 0.0067708333333333336 0.02314814814814815
7 0.5158854166666667 0.10324074074074074 0.025520833333333333 0.04166666666666667
0 0.4953125 0.2833333333333333 0.00625 0.022222222222222223
0 0.4940104166666667 0.2625 0.005729166666666666 0.021296296296296296
0 0.49453125 0.2439814814814815 0.005729166666666666 0.019444444444444445
0 0.4940104166666667 0.22546296296296298 0.0067708333333333336 0.017592592592592594
0 0.49374999999999997 0.20925925925925926 0.005208333333333333 0.016666666666666666
0 0.4942708333333333 0.19722222222222224 0.004166666666666667 0.016666666666666666
0 0.49453125 0.1814814814814815 0.005729166666666666 0.020370370370370372
