7 0.5356770833333333 0.29953703703703705 0.043229166666666666 0.0787037037037037
0 0.4921875 0.5217592592592593 0.010416666666666666 0.03425925925925926
0 0.4901041666666667 0.5750000000000001 0.0125 0.03518518518518519
0 0.48593749999999997 0.6347222222222223 0.0125 0.03981481481481482
0 0.484375 0.7074074074074075 0.014583333333333334 0.04259259259259259
0 0.48203124999999997 0.7907407407407407 0.0140625 0.0462962962962963
0 0.47994791666666664 0.9018518518518519 0.0140625 0.05185185185185186
3 0.37838541666666664 0.9462962962962963 0.0296875 0.10370370370370371
4 0.36822916666666666 0.825925925925926 0.025 0.11481481481481481
5 0.4393229166666667 0.8421296296296297 0.025520833333333333 0.13611111111111113
