2 0.4848958333333333 0.3194444444444445 0.011458333333333333 0.011111111111111112
2 0.4966145833333333 0.34675925925925927 0.005729166666666666 0.010185185185185186
2 0.4869791666666667 0.37962962962962965 0.015625 0.011111111111111112
2 0.49322916666666666 0.412962962962963 0.007291666666666667 0.016666666666666666
2 0.5020833333333333 0.48750000000000004 0.016666666666666666 0.017592592592592594
0 0.4984375 0.2925925925925926 0.007291666666666667 0.024074074074074074
0 0.49557291666666664 0.44212962962962965 0.0078125 0.025
0 0.47734375 0.5296296296296297 0.008854166666666666 0.031481481481481485
0 0.440625 0.5796296296296296 0.009375 0.031481481481481485
0 0.3963541666666667 0.6416666666666667 0.010416666666666666 0.03888888888888889
7 0.52734375 0.1726851851851852 0.03177083333333333 0.05462962962962963
6 0.3307291666666667 0.5125000000000001 0.015625 0.08425925925925926
3 0.3455729166666667 0.5300925925925926 0.013020833333333334 0.08981481481481482
3 0.3541666666666667 0.5337962962962963 0.0125 0.08611111111111111
