3 0.39401041666666664 0.28055555555555556 0.011979166666666666 0.05925925925925926
4 0.44088541666666664 0.25277777777777777 0.0109375 0.05185185185185186
6 0.47578125 0.2351851851851852 0.0109375 0.05555555555555556
3 0.4674479166666667 0.25416666666666665 0.009895833333333333 0.058333333333333334
0 0.43463541666666666 0.3231481481481482 0.0078125 0.022222222222222223
0 0.46015625 0.3 0.005729166666666666 0.022222222222222223
0 0.4822916666666667 0.27731481481481485 0.00625 0.021296296296296296
0 0.4947916666666667 0.2574074074074074 0.007291666666666667 0.020370370370370372
0 0.4940104166666667 0.24027777777777778 0.005729166666666666 0.019444444444444445
0 0.49453125 0.22268518518518518 0.005729166666666666 0.019444444444444445
0 0.4942708333333333 0.20416666666666666 0.005208333333333333 0.017592592592592594
0 0.49453125 0.19166666666666668 0.005729166666666666 0.016666666666666666
0 0.4934895833333333 0.17916666666666667 0.005729166666666666 0.017592592592592594
0 0.49453125 0.16435185185185186 0.005729166666666666 0.015740740740740743
7 0.5153645833333333 0.09212962962962963 0.0234375 0.04351851851851852
