7 0.5364583333333334 0.2574074074074074 0.036458333333333336 0.07407407407407407
0 0.49973958333333335 0.4328703703703704 0.0078125 0.026851851851851852
0 0.49505208333333334 0.6856481481481482 0.009895833333333333 0.03425925925925926
0 0.4671875 0.8555555555555556 0.011458333333333333 0.044444444444444446
0 0.4114583333333333 0.9597222222222223 0.014583333333333334 0.05092592592592593
2 0.4830729166666667 0.47453703703703703 0.0140625 0.01388888888888889
2 0.496875 0.5185185185185185 0.009375 0.016666666666666666
2 0.48385416666666664 0.5694444444444444 0.017708333333333333 0.018518518518518517
2 0.49244791666666665 0.6273148148148149 0.008854166666666666 0.026851851851851852
2 0.503125 0.7685185185185186 0.02395833333333333 0.024074074074074074
6 0.25729166666666664 0.8425925925925927 0.022916666666666665 0.11666666666666667
3 0.27630208333333334 0.8768518518518519 0.011979166666666666 0.13148148148148148
3 0.29192708333333334 0.8833333333333334 0.01614583333333333 0.1277777777777778
