0 0.47890625 0.8782407407407408 0.015104166666666667 0.049074074074074076
0 0.484375 0.7773148148148148 0.013541666666666667 0.04166666666666667
0 0.48723958333333334 0.6916666666666667 0.013020833333333334 0.03888888888888889
0 0.48854166666666665 0.6236111111111111 0.010416666666666666 0.03981481481481482
0 0.49114583333333334 0.5662037037037038 0.011458333333333333 0.03425925925925926
0 0.4934895833333333 0.5143518518518518 0.0109375 0.032407407407407406
5 0.43906249999999997 0.8291666666666667 0.028125 0.13796296296296298
4 0.3684895833333333 0.8120370370370371 0.022395833333333334 0.11111111111111112
3 0.37994791666666666 0.9337962962962963 0.025520833333333333 0.125
7 0.5364583333333334 0.29444444444444445 0.041666666666666664 0.07777777777777778
