0 0.43906249999999997 0.274537037037037 0.005208333333333333 0.019444444444444445
0 0.4622395833333333 0.2569444444444445 0.005729166666666666 0.017592592592592594
0 0.4828125 0.23796296296296296 0.004166666666666667 0.016666666666666666
0 0.4940104166666667 0.22037037037037038 0.0046875 0.016666666666666666
0 0.4934895833333333 0.20601851851851852 0.0036458333333333334 0.01388888888888889
0 0.4934895833333333 0.19166666666666668 0.0036458333333333334 0.014814814814814815
0 0.49322916666666666 0.17731481481481481 0.004166666666666667 0.01388888888888889
0 0.49322916666666666 0.16435185185185186 0.004166666666666667 0.012037037037037037
0 0.49322916666666666 0.15185185185185185 0.005208333333333333 0.012962962962962964
0 0.4934895833333333 0.13935185185185187 0.005729166666666666 0.012037037037037037
7 0.5140625 0.07407407407407407 0.02395833333333333 0.037037037037037035
