3 0.39427083333333335 0.27546296296296297 0.011458333333333333 0.06018518518518519
3 0.4666666666666667 0.2518518518518519 0.010416666666666666 0.05740740740740741
4 0.4419270833333333 0.25 0.011979166666666666 0.053703703703703705
6 0.47682291666666665 0.23148148148148148 0.011979166666666666 0.05740740740740741
0 0.43463541666666666 0.3189814814814815 0.0067708333333333336 0.02314814814814815
0 0.46041666666666664 0.29583333333333334 0.00625 0.021296296296296296
0 0.4828125 0.274537037037037 0.005208333333333333 0.021296296296296296
0 0.49505208333333334 0.25324074074074077 0.0046875 0.019444444444444445
0 0.4942708333333333 0.23611111111111113 0.00625 0.020370370370370372
0 0.49453125 0.21712962962962964 0.0046875 0.017592592592592594
0 0.49453125 0.20462962962962963 0.005729166666666666 0.016666666666666666
0 0.4940104166666667 0.19074074074074074 0.0046875 0.016666666666666666
0 0.4942708333333333 0.1763888888888889 0.004166666666666667 0.015740740740740743
0 0.4940104166666667 0.16203703703703703 0.0046875 0.016666666666666666
7 0.515625 0.08981481481481482 0.022916666666666665 0.040740740740740744
