3 0.3515625 0.4689814814814815 0.019791666666666666 0.08425925925925926
0 0.40703125 0.5412037037037037 0.013020833333333334 0.03796296296296296
0 0.4440104166666667 0.4949074074074074 0.011979166666666666 0.032407407407407406
0 0.47734375 0.45462962962962966 0.009895833333333333 0.02962962962962963
0 0.49296875 0.41712962962962963 0.008854166666666666 0.028703703703703703
4 0.4315104166666667 0.3851851851851852 0.015104166666666667 0.07222222222222223
3 0.4484375 0.4138888888888889 0.016666666666666666 0.07962962962962963
6 0.47552083333333334 0.3462962962962963 0.0125 0.07037037037037037
0 0.4921875 0.38333333333333336 0.009375 0.02592592592592593
0 0.4921875 0.35370370370370374 0.008333333333333333 0.02592592592592593
0 0.49166666666666664 0.32546296296296295 0.008333333333333333 0.026851851851851852
0 0.49166666666666664 0.3023148148148148 0.008333333333333333 0.025
0 0.4921875 0.25833333333333336 0.007291666666666667 0.022222222222222223
0 0.4921875 0.2796296296296296 0.007291666666666667 0.020370370370370372
7 0.5171875 0.15555555555555556 0.030208333333333334 0.05555555555555556
