7 0.5221354166666666 0.12361111111111112 0.03177083333333333 0.05277777777777778
6 0.35703125 0.3652777777777778 0.018229166666666668 0.07314814814814816
3 0.37265625 0.3731481481481482 0.011979166666666666 0.07222222222222223
0 0.49583333333333335 0.21574074074074076 0.009375 0.022222222222222223
0 0.4934895833333333 0.32222222222222224 0.008854166666666666 0.024074074074074074
0 0.4783854166666667 0.3787037037037037 0.008854166666666666 0.02777777777777778
0 0.44947916666666665 0.41250000000000003 0.010416666666666666 0.028703703703703703
0 0.4161458333333333 0.4481481481481482 0.008333333333333333 0.02962962962962963
2 0.48515625 0.23657407407407408 0.0140625 0.01388888888888889
2 0.49635416666666665 0.25601851851851853 0.0125 0.015740740740740743
2 0.4864583333333333 0.2777777777777778 0.014583333333333334 0.012962962962962964
2 0.4901041666666667 0.300462962962963 0.011458333333333333 0.01388888888888889
2 0.4979166666666667 0.35370370370370374 0.015625 0.018518518518518517
