7 0.5151041666666667 0.12731481481481483 0.027083333333333334 0.049074074074074076
3 0.36796875 0.38472222222222224 0.0140625 0.07314814814814816
3 0.46510416666666665 0.34444444444444444 0.0125 0.06851851851851852
4 0.43645833333333334 0.3226851851851852 0.0125 0.06759259259259259
6 0.4778645833333333 0.30185185185185187 0.0109375 0.06481481481481481
0 0.4166666666666667 0.44351851851851853 0.009375 0.02962962962962963
0 0.44895833333333335 0.40740740740740744 0.009375 0.02777777777777778
0 0.4770833333333333 0.3763888888888889 0.008333333333333333 0.026851851851851852
0 0.49192708333333335 0.3472222222222222 0.0078125 0.02592592592592593
0 0.4908854166666667 0.32083333333333336 0.0078125 0.02314814814814815
0 0.49140625 0.2962962962962963 0.0067708333333333336 0.024074074074074074
0 0.4908854166666667 0.2740740740740741 0.0067708333333333336 0.022222222222222223
0 0.4903645833333333 0.25416666666666665 0.0067708333333333336 0.021296296296296296
0 0.49166666666666664 0.23564814814814816 0.007291666666666667 0.019444444444444445
0 0.49114583333333334 0.21805555555555556 0.007291666666666667 0.021296296296296296
