0 0.4359375 0.3023148148148148 0.007291666666666667 0.025
0 0.4609375 0.2800925925925926 0.00625 0.019444444444444445
0 0.48203124999999997 0.2606481481481482 0.005729166666666666 0.019444444444444445
0 0.4953125 0.24166666666666667 0.005208333333333333 0.018518518518518517
0 0.49322916666666666 0.22777777777777777 0.004166666666666667 0.012962962962962964
0 0.4940104166666667 0.21064814814814817 0.0046875 0.015740740740740743
0 0.4940104166666667 0.19351851851851853 0.0046875 0.016666666666666666
0 0.4940104166666667 0.18055555555555555 0.0046875 0.014814814814814815
0 0.4940104166666667 0.1685185185185185 0.0046875 0.014814814814814815
0 0.4947916666666667 0.15231481481481482 0.00625 0.019444444444444445
3 0.4640625 0.23750000000000002 0.010416666666666666 0.06018518518518519
3 0.3971354166666667 0.25925925925925924 0.0140625 0.06296296296296297
6 0.4770833333333333 0.2189814814814815 0.010416666666666666 0.05462962962962963
7 0.5145833333333333 0.0837962962962963 0.02395833333333333 0.03981481481481482
