3 0.25338541666666664 0.7240740740740741 0.024479166666666666 0.10740740740740741
3 0.4127604166666667 0.5694444444444444 0.0171875 0.09074074074074075
4 0.42109375 0.5064814814814815 0.0140625 0.08333333333333334
5 0.46015625 0.5157407407407407 0.0171875 0.08703703703703704
0 0.3692708333333333 0.7847222222222222 0.010416666666666666 0.04166666666666667
0 0.4239583333333333 0.700925925925926 0.010416666666666666 0.03888888888888889
0 0.4692708333333333 0.6342592592592593 0.010416666666666666 0.03518518518518519
0 0.4927083333333333 0.5731481481481482 0.009375 0.031481481481481485
0 0.49296875 0.5203703703703704 0.008854166666666666 0.02777777777777778
0 0.49557291666666664 0.47361111111111115 0.0078125 0.026851851851851852
0 0.496875 0.43194444444444446 0.008333333333333333 0.025
0 0.496875 0.39583333333333337 0.007291666666666667 0.025
0 0.49947916666666664 0.36388888888888893 0.007291666666666667 0.024074074074074074
0 0.5002604166666667 0.33611111111111114 0.0067708333333333336 0.022222222222222223
7 0.5338541666666666 0.1953703703703704 0.03333333333333333 0.05925925925925926
