3 0.28359375 0.7939814814814815 0.030729166666666665 0.1287037037037037
3 0.4359375 0.6662037037037037 0.027083333333333334 0.11388888888888889
4 0.43776041666666665 0.5717592592592593 0.027604166666666666 0.09351851851851853
6 0.4739583333333333 0.49953703703703706 0.029166666666666667 0.09166666666666667
7 0.5221354166666666 0.2337962962962963 0.044270833333333336 0.0787037037037037
0 0.3645833333333333 0.9337962962962963 0.022916666666666665 0.05277777777777778
0 0.42213541666666665 0.8245370370370371 0.015104166666666667 0.05462962962962963
0 0.4708333333333333 0.7435185185185186 0.0125 0.04814814814814815
0 0.4953125 0.663425925925926 0.019791666666666666 0.04166666666666667
0 0.4921875 0.6023148148148149 0.009375 0.03981481481481482
0 0.49296875 0.5416666666666667 0.01614583333333333 0.03888888888888889
0 0.49322916666666666 0.4953703703703704 0.017708333333333333 0.031481481481481485
0 0.4908854166666667 0.45972222222222225 0.011979166666666666 0.03425925925925926
0 0.49114583333333334 0.41805555555555557 0.0125 0.032407407407407406
0 0.4890625 0.38101851851851853 0.015625 0.04166666666666667
