7 0.52265625 0.12453703703703704 0.033854166666666664 0.05648148148148149
6 0.36692708333333335 0.3560185185185185 0.0140625 0.06574074074074074
3 0.38359375 0.36944444444444446 0.013020833333333334 0.06666666666666667
0 0.4966145833333333 0.21666666666666667 0.0067708333333333336 0.022222222222222223
0 0.49374999999999997 0.3189814814814815 0.007291666666666667 0.026851851851851852
0 0.47942708333333334 0.375 0.0109375 0.02592592592592593
0 0.4513020833333333 0.40601851851851856 0.008854166666666666 0.030555555555555558
0 0.41822916666666665 0.4430555555555556 0.008333333333333333 0.028703703703703703
2 0.48515625 0.23611111111111113 0.0140625 0.012962962962962964
2 0.4953125 0.2537037037037037 0.00625 0.012962962962962964
2 0.48671875 0.27592592592592596 0.0140625 0.012962962962962964
2 0.4927083333333333 0.2976851851851852 0.009375 0.015740740740740743
2 0.49895833333333334 0.35000000000000003 0.015625 0.018518518518518517
