7 0.5328125 0.15231481481481482 0.030208333333333334 0.05277777777777778
3 0.31015625 0.5277777777777778 0.019270833333333334 0.08703703703703704
5 0.46510416666666665 0.42685185185185187 0.015625 0.07962962962962963
3 0.42526041666666664 0.4416666666666667 0.013020833333333334 0.07777777777777778
4 0.43124999999999997 0.40092592592592596 0.013541666666666667 0.0462962962962963
0 0.40130208333333334 0.5740740740740741 0.008854166666666666 0.03333333333333333
0 0.4427083333333333 0.5217592592592593 0.009375 0.030555555555555558
0 0.4791666666666667 0.47731481481481486 0.008333333333333333 0.028703703703703703
0 0.4979166666666667 0.4361111111111111 0.008333333333333333 0.02592592592592593
0 0.49765624999999997 0.40046296296296297 0.0078125 0.025
0 0.49973958333333335 0.3666666666666667 0.0078125 0.024074074074074074
0 0.5005208333333333 0.337037037037037 0.007291666666666667 0.022222222222222223
0 0.5005208333333333 0.30972222222222223 0.007291666666666667 0.02314814814814815
0 0.5026041666666666 0.28611111111111115 0.007291666666666667 0.020370370370370372
0 0.503125 0.26435185185185184 0.007291666666666667 0.021296296296296296
