3 0.45026041666666666 0.8365740740740741 0.027604166666666666 0.1287037037037037
3 0.42343749999999997 0.6902777777777778 0.029166666666666667 0.11574074074074074
3 0.48593749999999997 0.5884259259259259 0.01875 0.10648148148148148
0 0.4903645833333333 0.9398148148148149 0.0234375 0.05
0 0.5140625 0.825925925925926 0.011458333333333333 0.05185185185185186
0 0.5109375 0.7398148148148148 0.0125 0.05
0 0.5091145833333334 0.6601851851851852 0.0140625 0.0462962962962963
0 0.51015625 0.6013888888888889 0.01614583333333333 0.04351851851851852
0 0.5059895833333333 0.5439814814814815 0.015104166666666667 0.03425925925925926
0 0.5033854166666667 0.4953703703703704 0.015104166666666667 0.037037037037037035
0 0.5046875 0.45092592592592595 0.010416666666666666 0.03333333333333333
7 0.5328125 0.25972222222222224 0.042708333333333334 0.0712962962962963
