6 0.36223958333333334 0.3592592592592593 0.0171875 0.06851851851851852
3 0.38619791666666664 0.37222222222222223 0.013020833333333334 0.07037037037037037
7 0.5223958333333333 0.12314814814814816 0.028125 0.05
0 0.4984375 0.2175925925925926 0.010416666666666666 0.022222222222222223
0 0.4953125 0.3189814814814815 0.010416666666666666 0.025
0 0.4809895833333333 0.375462962962963 0.011979166666666666 0.028703703703703703
0 0.4536458333333333 0.40740740740740744 0.011458333333333333 0.02962962962962963
2 0.48593749999999997 0.23750000000000002 0.014583333333333334 0.012037037037037037
2 0.49557291666666664 0.25462962962962965 0.0067708333333333336 0.012962962962962964
2 0.48932291666666666 0.2763888888888889 0.01614583333333333 0.015740740740740743
2 0.4940104166666667 0.3 0.009895833333333333 0.014814814814814815
2 0.50078125 0.35000000000000003 0.0171875 0.014814814814814815
0 0.4203125 0.4416666666666667 0.013541666666666667 0.03518518518518519
