0 0.43828125 0.28055555555555556 0.0067708333333333336 0.024074074074074074
0 0.46171875 0.25787037037037036 0.005729166666666666 0.019444444444444445
0 0.4828125 0.24027777777777778 0.005208333333333333 0.019444444444444445
0 0.4947916666666667 0.22314814814814815 0.005208333333333333 0.018518518518518517
0 0.4927083333333333 0.2064814814814815 0.004166666666666667 0.014814814814814815
0 0.49322916666666666 0.19305555555555556 0.003125 0.012037037037037037
0 0.4940104166666667 0.17916666666666667 0.0036458333333333334 0.01388888888888889
0 0.49296875 0.16712962962962963 0.0036458333333333334 0.01388888888888889
0 0.49322916666666666 0.1527777777777778 0.004166666666666667 0.012962962962962964
0 0.4947916666666667 0.1388888888888889 0.005208333333333333 0.016666666666666666
3 0.4640625 0.21944444444444444 0.010416666666666666 0.05185185185185186
3 0.4015625 0.23981481481481481 0.0125 0.05555555555555556
6 0.4770833333333333 0.20324074074074075 0.0125 0.05462962962962963
7 0.5140625 0.07546296296296297 0.02395833333333333 0.04351851851851852
