3 0.30442708333333335 0.5472222222222223 0.021354166666666667 0.08703703703703704
3 0.421875 0.4550925925925926 0.013541666666666667 0.08055555555555556
4 0.434375 0.4175925925925926 0.014583333333333334 0.07407407407407407
5 0.46848958333333335 0.42962962962962964 0.015104166666666667 0.07777777777777778
0 0.3984375 0.5949074074074074 0.009375 0.03425925925925926
0 0.44140625 0.5393518518518519 0.009895833333333333 0.032407407407407406
0 0.47812499999999997 0.4939814814814815 0.009375 0.028703703703703703
0 0.49713541666666666 0.45 0.008854166666666666 0.02592592592592593
0 0.49765624999999997 0.41250000000000003 0.0078125 0.02314814814814815
0 0.49973958333333335 0.3773148148148148 0.0078125 0.02314814814814815
0 0.5 0.34675925925925927 0.007291666666666667 0.02314814814814815
0 0.50078125 0.3199074074074074 0.0067708333333333336 0.021296296296296296
0 0.50234375 0.29444444444444445 0.005729166666666666 0.020370370370370372
0 0.503125 0.27222222222222225 0.00625 0.020370370370370372
7 0.53359375 0.15601851851851853 0.030729166666666665 0.05092592592592593
