3 0.4002604166666667 0.24074074074074076 0.0109375 0.05555555555555556
3 0.4627604166666667 0.22222222222222224 0.009895833333333333 0.053703703703703705
0 0.43776041666666665 0.2814814814814815 0.0046875 0.018518518518518517
0 0.4609375 0.2606481481481482 0.005208333333333333 0.019444444444444445
0 0.48151041666666666 0.2439814814814815 0.0046875 0.017592592592592594
0 0.49296875 0.22453703703703703 0.0036458333333333334 0.015740740740740743
0 0.4921875 0.2101851851851852 0.004166666666666667 0.014814814814814815
0 0.4921875 0.1953703703703704 0.004166666666666667 0.012962962962962964
0 0.4927083333333333 0.1824074074074074 0.004166666666666667 0.014814814814814815
0 0.4927083333333333 0.16898148148148148 0.004166666666666667 0.012037037037037037
0 0.4927083333333333 0.1574074074074074 0.004166666666666667 0.011111111111111112
0 0.49322916666666666 0.1439814814814815 0.004166666666666667 0.015740740740740743
6 0.4747395833333333 0.2111111111111111 0.0109375 0.05185185185185186
7 0.5127604166666666 0.07916666666666666 0.0234375 0.03981481481481482
