7 0.5153645833333333 0.12175925925925926 0.027604166666666666 0.04537037037037037
3 0.37265625 0.3699074074074074 0.0140625 0.06574074074074074
3 0.46249999999999997 0.32916666666666666 0.013541666666666667 0.0638888888888889
4 0.4393229166666667 0.312962962962963 0.009895833333333333 0.06296296296296297
6 0.4783854166666667 0.29212962962962963 0.011979166666666666 0.0638888888888889
0 0.4203125 0.4240740740740741 0.009375 0.02777777777777778
0 0.4515625 0.3893518518518519 0.008333333333333333 0.025
0 0.4786458333333333 0.36064814814814816 0.008333333333333333 0.026851851851851852
0 0.4927083333333333 0.33240740740740743 0.007291666666666667 0.024074074074074074
0 0.49140625 0.3074074074074074 0.0067708333333333336 0.024074074074074074
0 0.49192708333333335 0.2847222222222222 0.0067708333333333336 0.021296296296296296
0 0.49166666666666664 0.2638888888888889 0.00625 0.020370370370370372
0 0.49140625 0.2449074074074074 0.005729166666666666 0.019444444444444445
0 0.49140625 0.22777777777777777 0.005729166666666666 0.016666666666666666
0 0.49166666666666664 0.21203703703703705 0.00625 0.020370370370370372
