3 0.26901041666666664 0.8703703703703703 0.03177083333333333 0.1388888888888889
3 0.43463541666666666 0.7273148148148149 0.0328125 0.13055555555555556
4 0.4315104166666667 0.6129629629629629 0.025520833333333333 0.10370370370370371
6 0.4791666666666667 0.5319444444444444 0.021875 0.10277777777777779
7 0.5247395833333334 0.24305555555555555 0.04114583333333333 0.08240740740740742
0 0.49453125 0.40694444444444444 0.019270833333333334 0.030555555555555558
0 0.49583333333333335 0.44722222222222224 0.011458333333333333 0.02777777777777778
0 0.4953125 0.48194444444444445 0.010416666666666666 0.030555555555555558
0 0.4953125 0.5305555555555556 0.020833333333333332 0.03518518518518519
0 0.4966145833333333 0.5856481481481481 0.013020833333333334 0.04351851851851852
0 0.49635416666666665 0.6481481481481481 0.015625 0.04814814814814815
0 0.49973958333333335 0.7166666666666667 0.013020833333333334 0.0462962962962963
0 0.4739583333333333 0.8041666666666667 0.01875 0.04351851851851852
0 0.42473958333333334 0.9018518518518519 0.0203125 0.05185185185185186
