0 0.4005208333333333 0.576388888888889 0.009375 0.030555555555555558
0 0.44140625 0.5236111111111111 0.009895833333333333 0.028703703703703703
0 0.47734375 0.47962962962962963 0.008854166666666666 0.02777777777777778
0 0.4966145833333333 0.4375 0.0078125 0.025
0 0.4966145833333333 0.40092592592592596 0.0067708333333333336 0.024074074074074074
0 0.4981770833333333 0.3680555555555556 0.0067708333333333336 0.02314814814814815
0 0.49947916666666664 0.33842592592592596 0.00625 0.019444444444444445
0 0.49947916666666664 0.31157407407407406 0.00625 0.019444444444444445
0 0.5010416666666666 0.287962962962963 0.00625 0.020370370370370372
0 0.5020833333333333 0.26712962962962966 0.00625 0.019444444444444445
7 0.5317708333333333 0.15416666666666667 0.030208333333333334 0.049074074074074076
5 0.4635416666666667 0.4287037037037037 0.013541666666666667 0.07592592592592592
4 0.42135416666666664 0.40046296296296297 0.009375 0.032407407407407406
3 0.4244791666666667 0.4449074074074074 0.0125 0.075
3 0.30755208333333334 0.5296296296296297 0.019270833333333334 0.08518518518518518
