3 0.3893229166666667 0.300462962962963 0.013020833333333334 0.062037037037037036
3 0.4614583333333333 0.2675925925925926 0.010416666666666666 0.05925925925925926
4 0.44140625 0.27037037037037037 0.008854166666666666 0.05555555555555556
6 0.47578125 0.2518518518518519 0.0109375 0.05925925925925926
0 0.43203125 0.3472222222222222 0.008854166666666666 0.024074074074074074
0 0.4588541666666667 0.32037037037037036 0.007291666666666667 0.024074074074074074
0 0.48203124999999997 0.29814814814814816 0.005729166666666666 0.024074074074074074
0 0.49505208333333334 0.27546296296296297 0.005729166666666666 0.021296296296296296
0 0.4942708333333333 0.25601851851851853 0.00625 0.02314814814814815
0 0.4942708333333333 0.23657407407407408 0.005208333333333333 0.017592592592592594
0 0.4942708333333333 0.22037037037037038 0.00625 0.018518518518518517
0 0.4940104166666667 0.20555555555555557 0.005729166666666666 0.016666666666666666
0 0.49453125 0.19212962962962965 0.005729166666666666 0.017592592592592594
0 0.4942708333333333 0.17592592592592593 0.005208333333333333 0.020370370370370372
7 0.5161458333333333 0.10046296296296296 0.025 0.04351851851851852
