3 0.27630208333333334 0.837962962962963 0.027604166666666666 0.14074074074074075
3 0.43463541666666666 0.7041666666666667 0.027604166666666666 0.1212962962962963
4 0.42916666666666664 0.5925925925925926 0.02395833333333333 0.10925925925925926
6 0.47760416666666666 0.5222222222222223 0.017708333333333333 0.11296296296296297
7 0.5216145833333333 0.23750000000000002 0.0421875 0.0712962962962963
0 0.49166666666666664 0.39166666666666666 0.014583333333333334 0.03518518518518519
0 0.4942708333333333 0.4337962962962963 0.015625 0.036111111111111115
0 0.4903645833333333 0.47175925925925927 0.009895833333333333 0.03425925925925926
0 0.4940104166666667 0.5194444444444445 0.0140625 0.04259259259259259
0 0.4953125 0.5662037037037038 0.013541666666666667 0.04166666666666667
0 0.49296875 0.6203703703703703 0.015104166666666667 0.04814814814814815
0 0.4953125 0.6944444444444444 0.014583333333333334 0.05
0 0.47291666666666665 0.7763888888888889 0.011458333333333333 0.04351851851851852
0 0.42213541666666665 0.8722222222222222 0.0203125 0.05925925925925926
