3 0.3528645833333333 0.4703703703703704 0.018229166666666668 0.08333333333333334
0 0.4083333333333333 0.5416666666666667 0.011458333333333333 0.03333333333333333
0 0.4440104166666667 0.49444444444444446 0.0140625 0.03333333333333333
0 0.4765625 0.4527777777777778 0.010416666666666666 0.031481481481481485
0 0.4921875 0.4175925925925926 0.010416666666666666 0.031481481481481485
0 0.49166666666666664 0.38333333333333336 0.009375 0.02592592592592593
0 0.49166666666666664 0.35370370370370374 0.008333333333333333 0.02777777777777778
0 0.49140625 0.32685185185185184 0.008854166666666666 0.024074074074074074
0 0.4901041666666667 0.3023148148148148 0.009375 0.02314814814814815
0 0.4908854166666667 0.2814814814814815 0.008854166666666666 0.022222222222222223
0 0.4908854166666667 0.2587962962962963 0.0078125 0.021296296296296296
6 0.47604166666666664 0.3490740740740741 0.013541666666666667 0.07037037037037037
3 0.44895833333333335 0.4152777777777778 0.014583333333333334 0.07685185185185185
4 0.43463541666666666 0.3851851851851852 0.0140625 0.07222222222222223
7 0.51640625 0.15601851851851853 0.030729166666666665 0.05648148148148149
