3 0.39375 0.27824074074074073 0.011458333333333333 0.05648148148148149
4 0.44140625 0.25092592592592594 0.009895833333333333 0.05185185185185186
3 0.46588541666666666 0.25092592592592594 0.009895833333333333 0.05555555555555556
6 0.4765625 0.23287037037037037 0.009375 0.05462962962962963
0 0.4348958333333333 0.3212962962962963 0.00625 0.022222222222222223
0 0.46015625 0.2976851851851852 0.0078125 0.02314814814814815
0 0.4825520833333333 0.2763888888888889 0.0067708333333333336 0.021296296296296296
0 0.49505208333333334 0.2555555555555556 0.0067708333333333336 0.020370370370370372
0 0.4940104166666667 0.23703703703703705 0.005729166666666666 0.016666666666666666
0 0.4942708333333333 0.22037037037037038 0.005208333333333333 0.016666666666666666
0 0.4942708333333333 0.2050925925925926 0.005208333333333333 0.015740740740740743
0 0.49374999999999997 0.1902777777777778 0.004166666666666667 0.01388888888888889
0 0.4942708333333333 0.17824074074074076 0.004166666666666667 0.015740740740740743
0 0.4947916666666667 0.1638888888888889 0.005208333333333333 0.016666666666666666
7 0.5153645833333333 0.09166666666666667 0.0234375 0.040740740740740744
