3 0.3885416666666667 0.3050925925925926 0.0125 0.062037037037037036
4 0.4434895833333333 0.2740740740740741 0.013020833333333334 0.05555555555555556
6 0.47604166666666664 0.25462962962962965 0.0125 0.05740740740740741
3 0.46041666666666664 0.27037037037037037 0.010416666666666666 0.05925925925925926
0 0.4309895833333333 0.3523148148148148 0.0078125 0.025
0 0.45807291666666666 0.32407407407407407 0.0078125 0.02592592592592593
0 0.4825520833333333 0.3023148148148148 0.0078125 0.02314814814814815
0 0.4947916666666667 0.2800925925925926 0.007291666666666667 0.02314814814814815
0 0.49374999999999997 0.2587962962962963 0.007291666666666667 0.021296296296296296
0 0.4940104166666667 0.24074074074074076 0.0067708333333333336 0.020370370370370372
0 0.4940104166666667 0.22268518518518518 0.005729166666666666 0.021296296296296296
0 0.49322916666666666 0.20787037037037037 0.00625 0.017592592592592594
0 0.4940104166666667 0.19444444444444445 0.0046875 0.018518518518518517
0 0.4940104166666667 0.17824074074074076 0.005729166666666666 0.019444444444444445
7 0.5161458333333333 0.10185185185185186 0.025 0.04259259259259259
