3 0.3731770833333333 0.3680555555555556 0.013020833333333334 0.06759259259259259
3 0.46171875 0.32685185185185184 0.0140625 0.06481481481481481
4 0.4401041666666667 0.3106481481481482 0.0125 0.062037037037037036
6 0.4786458333333333 0.29120370370370374 0.0125 0.0638888888888889
7 0.5158854166666667 0.12175925925925926 0.0265625 0.04537037037037037
0 0.42083333333333334 0.4217592592592593 0.007291666666666667 0.026851851851851852
0 0.4515625 0.3875 0.008333333333333333 0.026851851851851852
0 0.4786458333333333 0.3592592592592593 0.008333333333333333 0.024074074074074074
0 0.49322916666666666 0.33055555555555555 0.007291666666666667 0.022222222222222223
0 0.49192708333333335 0.3050925925925926 0.0078125 0.02314814814814815
0 0.49244791666666665 0.28194444444444444 0.0067708333333333336 0.021296296296296296
0 0.49192708333333335 0.2625 0.0067708333333333336 0.019444444444444445
0 0.4921875 0.24351851851851852 0.00625 0.020370370370370372
0 0.49244791666666665 0.2263888888888889 0.0067708333333333336 0.017592592592592594
0 0.4921875 0.20925925925925926 0.00625 0.020370370370370372
