3 0.30807291666666664 0.5291666666666667 0.0203125 0.08425925925925926
3 0.425 0.4439814814814815 0.0125 0.07685185185185185
5 0.46328125 0.4291666666666667 0.01614583333333333 0.07685185185185185
4 0.42161458333333335 0.3990740740740741 0.009895833333333333 0.031481481481481485
0 0.4002604166666667 0.575462962962963 0.008854166666666666 0.032407407407407406
0 0.4421875 0.5222222222222223 0.009375 0.031481481481481485
0 0.4778645833333333 0.47824074074074074 0.008854166666666666 0.030555555555555558
0 0.496875 0.4375 0.008333333333333333 0.025
0 0.496875 0.40092592592592596 0.008333333333333333 0.02592592592592593
0 0.49895833333333334 0.3680555555555556 0.008333333333333333 0.02314814814814815
0 0.49973958333333335 0.33796296296296297 0.0078125 0.024074074074074074
0 0.5 0.3111111111111111 0.008333333333333333 0.022222222222222223
0 0.5015625 0.28703703703703703 0.00625 0.018518518518518517
0 0.50234375 0.2652777777777778 0.005729166666666666 0.019444444444444445
7 0.5322916666666666 0.1527777777777778 0.030208333333333334 0.05185185185185186
