3 0.3015625 0.7189814814814816 0.02395833333333333 0.125
0 0.3723958333333333 0.8425925925925927 0.01875 0.05740740740740741
0 0.42526041666666664 0.7449074074074075 0.0171875 0.05462962962962963
0 0.46901041666666665 0.6731481481481482 0.022395833333333334 0.03888888888888889
0 0.4953125 0.6129629629629629 0.016666666666666666 0.040740740740740744
0 0.4895833333333333 0.5481481481481482 0.015625 0.037037037037037035
3 0.43776041666666665 0.6087962962962963 0.027604166666666666 0.09907407407407408
4 0.44036458333333334 0.5300925925925926 0.0328125 0.09907407407407408
6 0.47109375 0.4671296296296297 0.019270833333333334 0.09722222222222222
0 0.4908854166666667 0.5 0.013020833333333334 0.040740740740740744
0 0.4903645833333333 0.45833333333333337 0.0140625 0.03518518518518519
0 0.4908854166666667 0.41944444444444445 0.0171875 0.03518518518518519
0 0.4927083333333333 0.3851851851851852 0.027083333333333334 0.03333333333333333
0 0.49322916666666666 0.35879629629629634 0.020833333333333332 0.03796296296296296
7 0.5190104166666667 0.20601851851851852 0.04635416666666667 0.06944444444444445
