7 0.5213541666666667 0.12268518518518519 0.026041666666666668 0.049074074074074076
6 0.36744791666666665 0.3578703703703704 0.0140625 0.06944444444444445
3 0.3755208333333333 0.3685185185185185 0.011458333333333333 0.07222222222222223
0 0.4966145833333333 0.2162037037037037 0.0067708333333333336 0.02314814814814815
0 0.49453125 0.3189814814814815 0.0078125 0.02314814814814815
0 0.48020833333333335 0.375462962962963 0.008333333333333333 0.026851851851851852
0 0.4513020833333333 0.4046296296296297 0.0109375 0.02962962962962963
0 0.41901041666666666 0.4425925925925926 0.008854166666666666 0.02777777777777778
2 0.48515625 0.23564814814814816 0.011979166666666666 0.01388888888888889
2 0.4953125 0.25324074074074077 0.007291666666666667 0.01388888888888889
2 0.48776041666666664 0.27592592592592596 0.01614583333333333 0.012962962962962964
2 0.4921875 0.2990740740740741 0.009375 0.016666666666666666
2 0.49895833333333334 0.3490740740740741 0.015625 0.016666666666666666
