7 0.53359375 0.23935185185185187 0.03697916666666667 0.0638888888888889
0 0.5 0.3995370370370371 0.00625 0.026851851851851852
0 0.49505208333333334 0.6236111111111111 0.009895833333333333 0.03425925925925926
0 0.35520833333333335 0.9712962962962963 0.015625 0.05185185185185186
0 0.41953124999999997 0.8578703703703704 0.011979166666666666 0.04722222222222222
0 0.4700520833333333 0.7694444444444445 0.011979166666666666 0.04259259259259259
2 0.5033854166666667 0.6981481481481482 0.022395833333333334 0.022222222222222223
2 0.49296875 0.576388888888889 0.008854166666666666 0.02314814814814815
2 0.48515625 0.5236111111111111 0.01614583333333333 0.017592592592592594
2 0.496875 0.47685185185185186 0.008333333333333333 0.016666666666666666
2 0.48411458333333335 0.4356481481481482 0.0140625 0.012037037037037037
6 0.2760416666666667 0.7569444444444444 0.019791666666666666 0.10092592592592593
3 0.29322916666666665 0.7893518518518519 0.0125 0.11944444444444445
3 0.3072916666666667 0.7962962962962963 0.014583333333333334 0.11481481481481481
