7 0.5213541666666667 0.12361111111111112 0.029166666666666667 0.05462962962962963
6 0.35625 0.3703703703703704 0.020833333333333332 0.07777777777777778
3 0.3802083333333333 0.3814814814814815 0.011458333333333333 0.07037037037037037
0 0.49505208333333334 0.2212962962962963 0.008854166666666666 0.024074074074074074
0 0.4934895833333333 0.3263888888888889 0.009895833333333333 0.025
0 0.4786458333333333 0.3856481481481482 0.011458333333333333 0.028703703703703703
0 0.44869791666666664 0.4185185185185185 0.0109375 0.02962962962962963
0 0.4145833333333333 0.4569444444444445 0.009375 0.030555555555555558
2 0.48385416666666664 0.23981481481481481 0.013541666666666667 0.014814814814814815
2 0.49453125 0.2587962962962963 0.0078125 0.01388888888888889
2 0.4861979166666667 0.2814814814814815 0.015104166666666667 0.018518518518518517
2 0.49114583333333334 0.3060185185185185 0.0125 0.017592592592592594
2 0.49895833333333334 0.35879629629629634 0.016666666666666666 0.019444444444444445
