3 0.33541666666666664 0.5819444444444445 0.011458333333333333 0.09537037037037037
3 0.3463541666666667 0.5861111111111111 0.010416666666666666 0.08888888888888889
6 0.32135416666666666 0.5611111111111111 0.015625 0.0925925925925926
0 0.3893229166666667 0.7050925925925926 0.009895833333333333 0.04166666666666667
0 0.4361979166666667 0.6333333333333333 0.0109375 0.03518518518518519
0 0.47630208333333335 0.5782407407407407 0.009895833333333333 0.03425925925925926
0 0.49505208333333334 0.48055555555555557 0.0067708333333333336 0.02592592592592593
0 0.4986979166666667 0.3162037037037037 0.0078125 0.021296296296296296
2 0.4848958333333333 0.3453703703703704 0.011458333333333333 0.009259259259259259
2 0.496875 0.37453703703703706 0.00625 0.01388888888888889
2 0.4869791666666667 0.40925925925925927 0.014583333333333334 0.011111111111111112
2 0.4934895833333333 0.44583333333333336 0.0078125 0.019444444444444445
2 0.5020833333333333 0.5310185185185186 0.017708333333333333 0.017592592592592594
7 0.5294270833333333 0.18888888888888888 0.0328125 0.05925925925925926
