7 0.515625 0.11805555555555557 0.028125 0.04537037037037037
3 0.3768229166666667 0.3550925925925926 0.0140625 0.06759259259259259
3 0.4630208333333333 0.3175925925925926 0.011458333333333333 0.06481481481481481
4 0.4395833333333333 0.30648148148148147 0.011458333333333333 0.061111111111111116
6 0.48072916666666665 0.2865740740740741 0.0125 0.0638888888888889
0 0.42291666666666666 0.40972222222222227 0.008333333333333333 0.026851851851851852
0 0.45234375 0.3773148148148148 0.008854166666666666 0.025
0 0.4796875 0.34814814814814815 0.009375 0.02777777777777778
0 0.4934895833333333 0.32083333333333336 0.0067708333333333336 0.025
0 0.49322916666666666 0.2976851851851852 0.00625 0.02314814814814815
0 0.49296875 0.274537037037037 0.0067708333333333336 0.02314814814814815
0 0.49296875 0.25462962962962965 0.005729166666666666 0.022222222222222223
0 0.4927083333333333 0.23657407407407408 0.005208333333333333 0.019444444444444445
0 0.4927083333333333 0.2199074074074074 0.005208333333333333 0.019444444444444445
0 0.49322916666666666 0.20324074074074075 0.005208333333333333 0.019444444444444445
