7 0.5223958333333333 0.13101851851851853 0.030208333333333334 0.05277777777777778
7 0.49609375 0.22962962962962963 0.0078125 0.022222222222222223
7 0.49374999999999997 0.3402777777777778 0.009375 0.025
7 0.4786458333333333 0.40370370370370373 0.010416666666666666 0.03333333333333333
7 0.44765625 0.4375 0.009895833333333333 0.030555555555555558
7 0.41328125 0.4777777777777778 0.0109375 0.031481481481481485
6 0.35703125 0.38472222222222224 0.015104166666666667 0.075
3 0.37786458333333334 0.4 0.013020833333333334 0.07222222222222223
2 0.48515625 0.24953703703703706 0.015104166666666667 0.015740740740740743
2 0.4953125 0.26990740740740743 0.009375 0.010185185185185186
2 0.4875 0.2939814814814815 0.015625 0.015740740740740743
2 0.4921875 0.31851851851851853 0.011458333333333333 0.018518518518518517
2 0.49921875 0.3736111111111111 0.0171875 0.019444444444444445
