3 0.2677083333333333 0.9 0.042708333333333334 0.14444444444444446
3 0.43776041666666665 0.7486111111111111 0.0296875 0.125
4 0.4302083333333333 0.6273148148148149 0.027083333333333334 0.1175925925925926
6 0.4752604166666667 0.5481481481481482 0.0265625 0.10925925925925926
7 0.5265625 0.24675925925925926 0.035416666666666666 0.0712962962962963
0 0.4265625 0.9333333333333333 0.02395833333333333 0.05555555555555556
0 0.4747395833333333 0.8333333333333334 0.01614583333333333 0.04814814814814815
0 0.5015625 0.7430555555555556 0.013541666666666667 0.04351851851851852
0 0.4984375 0.6643518518518519 0.008333333333333333 0.03796296296296296
0 0.49713541666666666 0.600462962962963 0.0140625 0.03425925925925926
0 0.4984375 0.5421296296296296 0.011458333333333333 0.03981481481481482
0 0.49713541666666666 0.4967592592592593 0.0140625 0.04166666666666667
0 0.49583333333333335 0.4537037037037037 0.011458333333333333 0.03333333333333333
0 0.4966145833333333 0.4101851851851852 0.013020833333333334 0.031481481481481485
