3 0.23489583333333333 0.7870370370370371 0.027083333333333334 0.11481481481481481
3 0.4080729166666667 0.6055555555555556 0.015104166666666667 0.1
5 0.4627604166666667 0.5467592592592593 0.019270833333333334 0.09166666666666667
4 0.4161458333333333 0.5398148148148149 0.01875 0.08888888888888889
0 0.3580729166666667 0.8532407407407407 0.011979166666666666 0.04537037037037037
0 0.4171875 0.7574074074074074 0.011458333333333333 0.040740740740740744
0 0.465625 0.6819444444444445 0.010416666666666666 0.03981481481481482
0 0.4908854166666667 0.6129629629629629 0.009895833333333333 0.03518518518518519
0 0.4908854166666667 0.5550925925925926 0.008854166666666666 0.032407407407407406
0 0.4940104166666667 0.5037037037037038 0.008854166666666666 0.02962962962962963
0 0.4953125 0.45972222222222225 0.007291666666666667 0.026851851851851852
0 0.49583333333333335 0.4199074074074074 0.007291666666666667 0.026851851851851852
0 0.4979166666666667 0.38657407407407407 0.007291666666666667 0.025
0 0.49921875 0.35555555555555557 0.0067708333333333336 0.024074074074074074
7 0.5341145833333333 0.20601851851851852 0.034895833333333334 0.06018518518518519
