3 0.4002604166666667 0.23935185185185187 0.011979166666666666 0.05462962962962963
3 0.4635416666666667 0.21944444444444444 0.008333333333333333 0.04814814814814815
6 0.4765625 0.20925925925925926 0.010416666666666666 0.05555555555555556
0 0.43776041666666665 0.2800925925925926 0.005729166666666666 0.019444444444444445
0 0.4614583333333333 0.25833333333333336 0.005208333333333333 0.018518518518518517
0 0.4822916666666667 0.24351851851851852 0.004166666666666667 0.014814814814814815
0 0.49322916666666666 0.2240740740740741 0.004166666666666667 0.018518518518518517
0 0.4921875 0.2087962962962963 0.004166666666666667 0.015740740740740743
0 0.49296875 0.19398148148148148 0.0036458333333333334 0.01388888888888889
0 0.4927083333333333 0.18055555555555555 0.004166666666666667 0.016666666666666666
0 0.4927083333333333 0.16898148148148148 0.004166666666666667 0.01388888888888889
0 0.4927083333333333 0.15601851851851853 0.004166666666666667 0.015740740740740743
0 0.4927083333333333 0.1425925925925926 0.004166666666666667 0.016666666666666666
7 0.51328125 0.0787037037037037 0.0234375 0.040740740740740744
