0 0.43645833333333334 0.2935185185185185 0.007291666666666667 0.024074074074074074
0 0.4609375 0.2712962962962963 0.007291666666666667 0.018518518518518517
0 0.4828125 0.25277777777777777 0.005208333333333333 0.018518518518518517
0 0.49453125 0.23333333333333334 0.0036458333333333334 0.016666666666666666
0 0.49322916666666666 0.21944444444444444 0.004166666666666667 0.014814814814814815
0 0.4940104166666667 0.2013888888888889 0.0046875 0.015740740740740743
0 0.4940104166666667 0.18888888888888888 0.0046875 0.012962962962962964
0 0.4940104166666667 0.1736111111111111 0.0036458333333333334 0.010185185185185186
0 0.4940104166666667 0.1615740740740741 0.0046875 0.012037037037037037
0 0.4940104166666667 0.14722222222222223 0.0046875 0.016666666666666666
3 0.4640625 0.23240740740740742 0.010416666666666666 0.061111111111111116
6 0.4765625 0.21296296296296297 0.011458333333333333 0.05555555555555556
3 0.3989583333333333 0.2537037037037037 0.0125 0.05925925925925926
7 0.5153645833333333 0.08055555555555556 0.024479166666666666 0.044444444444444446
