6 0.36328125 0.3592592592592593 0.01614583333333333 0.06666666666666667
3 0.3776041666666667 0.3680555555555556 0.010416666666666666 0.075
7 0.5223958333333333 0.12592592592592594 0.028125 0.05185185185185186
0 0.41953124999999997 0.44351851851851853 0.009895833333333333 0.031481481481481485
0 0.45260416666666664 0.40740740740740744 0.009375 0.03518518518518519
0 0.48203124999999997 0.37592592592592594 0.0109375 0.02962962962962963
0 0.49583333333333335 0.3194444444444445 0.009375 0.022222222222222223
0 0.4973958333333333 0.21712962962962964 0.007291666666666667 0.02314814814814815
2 0.48541666666666666 0.23611111111111113 0.013541666666666667 0.007407407407407408
2 0.4966145833333333 0.25601851851851853 0.0067708333333333336 0.01388888888888889
2 0.4861979166666667 0.2763888888888889 0.01614583333333333 0.010185185185185186
2 0.49374999999999997 0.3 0.009375 0.014814814814814815
2 0.5013020833333334 0.35185185185185186 0.015104166666666667 0.016666666666666666
