4 0.3723958333333333 0.7962962962962963 0.027083333333333334 0.11481481481481481
3 0.3794270833333333 0.9217592592592593 0.025520833333333333 0.13796296296296298
5 0.440625 0.8143518518518519 0.034375 0.125
7 0.5375 0.2902777777777778 0.040625 0.08055555555555556
0 0.47682291666666665 0.9745370370370371 0.0171875 0.049074074074074076
0 0.48072916666666665 0.8625 0.014583333333333334 0.05092592592592593
0 0.48541666666666666 0.7615740740740741 0.013541666666666667 0.04537037037037037
0 0.48828125 0.6134259259259259 0.0078125 0.036111111111111115
0 0.49166666666666664 0.5574074074074075 0.009375 0.03333333333333333
0 0.4934895833333333 0.5064814814814815 0.0109375 0.031481481481481485
0 0.48671875 0.6800925925925926 0.011979166666666666 0.036111111111111115
