3 0.36223958333333334 0.40694444444444444 0.0203125 0.0787037037037037
6 0.4752604166666667 0.31342592592592594 0.011979166666666666 0.06944444444444445
4 0.4302083333333333 0.34120370370370373 0.014583333333333334 0.06944444444444445
3 0.4596354166666667 0.36342592592592593 0.0171875 0.0712962962962963
0 0.41328125 0.46944444444444444 0.011979166666666666 0.03333333333333333
0 0.44635416666666666 0.4277777777777778 0.010416666666666666 0.031481481481481485
0 0.47578125 0.39675925925925926 0.011979166666666666 0.026851851851851852
0 0.4908854166666667 0.3652777777777778 0.0078125 0.026851851851851852
0 0.4901041666666667 0.3375 0.009375 0.02314814814814815
0 0.4908854166666667 0.3106481481481482 0.009895833333333333 0.025
0 0.4908854166666667 0.28750000000000003 0.009895833333333333 0.02314814814814815
0 0.4895833333333333 0.2657407407407408 0.008333333333333333 0.024074074074074074
1 0.4908854166666667 0.23657407407407408 0.008854166666666666 0.04166666666666667
7 0.5145833333333333 0.13611111111111113 0.029166666666666667 0.05555555555555556
