3 0.3807291666666667 0.3388888888888889 0.013541666666666667 0.06851851851851852
3 0.46458333333333335 0.30185185185185187 0.011458333333333333 0.061111111111111116
4 0.4427083333333333 0.2967592592592593 0.0125 0.06018518518518519
6 0.47890625 0.27685185185185185 0.011979166666666666 0.05925925925925926
0 0.42552083333333335 0.3907407407407408 0.009375 0.02592592592592593
0 0.4552083333333333 0.35879629629629634 0.009375 0.025
7 0.5151041666666667 0.11296296296296297 0.026041666666666668 0.04259259259259259
0 0.4809895833333333 0.33333333333333337 0.0067708333333333336 0.024074074074074074
0 0.4940104166666667 0.30694444444444446 0.0078125 0.02314814814814815
0 0.49296875 0.2847222222222222 0.0067708333333333336 0.02314814814814815
0 0.49374999999999997 0.2638888888888889 0.007291666666666667 0.020370370370370372
0 0.49322916666666666 0.24537037037037038 0.007291666666666667 0.020370370370370372
0 0.49296875 0.22824074074074074 0.0067708333333333336 0.021296296296296296
0 0.49296875 0.21064814814814817 0.0067708333333333336 0.017592592592592594
0 0.4927083333333333 0.19583333333333333 0.007291666666666667 0.019444444444444445
