0 0.43723958333333335 0.2814814814814815 0.0046875 0.018518518518518517
0 0.4609375 0.2601851851851852 0.004166666666666667 0.018518518518518517
0 0.48151041666666666 0.24444444444444446 0.0046875 0.018518518518518517
0 0.4927083333333333 0.22592592592592595 0.003125 0.016666666666666666
0 0.4921875 0.2101851851851852 0.003125 0.016666666666666666
0 0.4921875 0.19768518518518519 0.0020833333333333333 0.012037037037037037
0 0.4921875 0.1824074074074074 0.004166666666666667 0.014814814814814815
0 0.4921875 0.17083333333333334 0.004166666666666667 0.01388888888888889
0 0.4921875 0.15925925925925927 0.004166666666666667 0.012962962962962964
0 0.49296875 0.1462962962962963 0.0036458333333333334 0.014814814814814815
6 0.4752604166666667 0.21342592592592594 0.009895833333333333 0.05277777777777778
3 0.4614583333333333 0.22268518518518518 0.010416666666666666 0.04722222222222222
3 0.4002604166666667 0.2425925925925926 0.011979166666666666 0.05555555555555556
7 0.5127604166666666 0.08009259259259259 0.024479166666666666 0.03981481481481482
