3 0.36041666666666666 0.4166666666666667 0.016666666666666666 0.07777777777777778
0 0.4114583333333333 0.4800925925925926 0.011458333333333333 0.03425925925925926
0 0.44609375 0.44027777777777777 0.009895833333333333 0.030555555555555558
0 0.47578125 0.4064814814814815 0.008854166666666666 0.02777777777777778
0 0.4908854166666667 0.37222222222222223 0.0078125 0.02592592592592593
0 0.4895833333333333 0.34444444444444444 0.008333333333333333 0.02592592592592593
0 0.4903645833333333 0.3175925925925926 0.008854166666666666 0.02592592592592593
0 0.4895833333333333 0.2925925925925926 0.009375 0.024074074074074074
0 0.4895833333333333 0.27083333333333337 0.009375 0.02314814814814815
1 0.4903645833333333 0.24305555555555555 0.008854166666666666 0.03981481481481482
6 0.47604166666666664 0.3180555555555556 0.011458333333333333 0.06759259259259259
3 0.45390625 0.3717592592592593 0.011979166666666666 0.07314814814814816
4 0.4296875 0.3472222222222222 0.013541666666666667 0.07037037037037037
7 0.5140625 0.13842592592592592 0.027083333333333334 0.05462962962962963
