7 0.5221354166666666 0.12453703703703704 0.028645833333333332 0.04722222222222222
6 0.3677083333333333 0.3564814814814815 0.013541666666666667 0.06481481481481481
3 0.3763020833333333 0.3685185185185185 0.0109375 0.07222222222222223
0 0.4966145833333333 0.2152777777777778 0.005729166666666666 0.02314814814814815
0 0.49453125 0.31666666666666665 0.005729166666666666 0.024074074074074074
0 0.48072916666666665 0.375 0.009375 0.02592592592592593
0 0.45078124999999997 0.40694444444444444 0.009895833333333333 0.028703703703703703
0 0.41796875 0.4425925925925926 0.009895833333333333 0.031481481481481485
2 0.48541666666666666 0.23657407407407408 0.0125 0.012037037037037037
2 0.4953125 0.2537037037037037 0.00625 0.012962962962962964
2 0.48776041666666664 0.27592592592592596 0.0140625 0.011111111111111112
2 0.4921875 0.29814814814814816 0.008333333333333333 0.011111111111111112
2 0.4986979166666667 0.35000000000000003 0.01614583333333333 0.016666666666666666
