6 0.3638020833333333 0.3601851851851852 0.018229166666666668 0.06666666666666667
3 0.3770833333333333 0.3685185185185185 0.010416666666666666 0.07777777777777778
0 0.4200520833333333 0.4425925925925926 0.009895833333333333 0.03333333333333333
0 0.4536458333333333 0.4064814814814815 0.009375 0.02962962962962963
0 0.4817708333333333 0.375462962962963 0.008333333333333333 0.026851851851851852
0 0.49583333333333335 0.3189814814814815 0.00625 0.02314814814814815
0 0.4981770833333333 0.21574074074074076 0.005729166666666666 0.022222222222222223
2 0.5005208333333333 0.34953703703703703 0.014583333333333334 0.017592592592592594
2 0.4888020833333333 0.27685185185185185 0.0140625 0.012962962962962964
2 0.4966145833333333 0.25324074074074077 0.005729166666666666 0.01388888888888889
2 0.4856770833333333 0.2351851851851852 0.0109375 0.011111111111111112
7 0.521875 0.12592592592592594 0.029166666666666667 0.04814814814814815
