7 0.5153645833333333 0.11342592592592593 0.0265625 0.04351851851851852
3 0.3796875 0.34120370370370373 0.013541666666666667 0.06574074074074074
3 0.4640625 0.30462962962962964 0.010416666666666666 0.06296296296296297
4 0.4427083333333333 0.2986111111111111 0.011458333333333333 0.062037037037037036
6 0.4786458333333333 0.27824074074074073 0.0125 0.0638888888888889
0 0.425 0.39305555555555555 0.009375 0.026851851851851852
0 0.45468749999999997 0.36203703703703705 0.007291666666666667 0.02592592592592593
0 0.48046875 0.33611111111111114 0.0067708333333333336 0.024074074074074074
0 0.49453125 0.30833333333333335 0.0067708333333333336 0.024074074074074074
0 0.49322916666666666 0.28703703703703703 0.00625 0.024074074074074074
0 0.49322916666666666 0.19675925925925927 0.005208333333333333 0.019444444444444445
0 0.49296875 0.21296296296296297 0.0067708333333333336 0.016666666666666666
0 0.49296875 0.23194444444444445 0.0046875 0.019444444444444445
0 0.4934895833333333 0.24722222222222223 0.0067708333333333336 0.018518518518518517
0 0.4934895833333333 0.2657407407407408 0.005729166666666666 0.022222222222222223
