0 0.43906249999999997 0.27546296296296297 0.00625 0.019444444444444445
0 0.4622395833333333 0.25601851851851853 0.005729166666666666 0.019444444444444445
0 0.4828125 0.23935185185185187 0.005208333333333333 0.019444444444444445
0 0.4947916666666667 0.2212962962962963 0.005208333333333333 0.018518518518518517
0 0.49322916666666666 0.20694444444444446 0.004166666666666667 0.015740740740740743
0 0.49322916666666666 0.19166666666666668 0.005208333333333333 0.014814814814814815
0 0.49322916666666666 0.17777777777777778 0.004166666666666667 0.012962962962962964
0 0.4927083333333333 0.16527777777777777 0.004166666666666667 0.01388888888888889
0 0.4934895833333333 0.15324074074074073 0.0036458333333333334 0.010185185185185186
0 0.4940104166666667 0.14166666666666666 0.005729166666666666 0.016666666666666666
3 0.4635416666666667 0.21944444444444444 0.011458333333333333 0.05555555555555556
3 0.4015625 0.23796296296296296 0.0125 0.05555555555555556
6 0.4783854166666667 0.20092592592592592 0.008854166666666666 0.05555555555555556
7 0.5140625 0.07453703703703704 0.026041666666666668 0.04166666666666667
