7 0.5369791666666667 0.23101851851851854 0.040625 0.062037037037037036
3 0.19557291666666665 0.937962962962963 0.03802083333333333 0.11666666666666667
3 0.4080729166666667 0.6958333333333334 0.027604166666666666 0.11018518518518519
5 0.4596354166666667 0.6231481481481481 0.021354166666666667 0.1
4 0.409375 0.6027777777777777 0.025 0.07037037037037037
0 0.40546875 0.9037037037037038 0.015104166666666667 0.05185185185185186
0 0.46119791666666665 0.8050925925925926 0.0140625 0.04537037037037037
0 0.49114583333333334 0.7166666666666667 0.011458333333333333 0.0462962962962963
0 0.48984374999999997 0.6425925925925926 0.0109375 0.031481481481481485
0 0.49453125 0.5814814814814815 0.011979166666666666 0.03518518518518519
0 0.49453125 0.525462962962963 0.011979166666666666 0.032407407407407406
0 0.49557291666666664 0.4791666666666667 0.009895833333333333 0.026851851851851852
0 0.49895833333333334 0.40185185185185185 0.007291666666666667 0.024074074074074074
0 0.49765624999999997 0.4388888888888889 0.0078125 0.02592592592592593
