0 0.43828125 0.2740740740740741 0.005729166666666666 0.020370370370370372
0 0.4614583333333333 0.2550925925925926 0.004166666666666667 0.017592592592592594
0 0.4828125 0.23611111111111113 0.004166666666666667 0.018518518518518517
0 0.4940104166666667 0.2189814814814815 0.0046875 0.01388888888888889
0 0.4934895833333333 0.20416666666666666 0.0036458333333333334 0.01388888888888889
0 0.49322916666666666 0.18981481481481483 0.004166666666666667 0.014814814814814815
0 0.4934895833333333 0.17546296296296296 0.0036458333333333334 0.01388888888888889
0 0.4927083333333333 0.1625 0.003125 0.010185185185185186
0 0.49322916666666666 0.15185185185185185 0.003125 0.011111111111111112
0 0.4940104166666667 0.1398148148148148 0.0036458333333333334 0.012962962962962964
3 0.4635416666666667 0.21712962962962964 0.009375 0.05462962962962963
3 0.4015625 0.23472222222222222 0.011458333333333333 0.05462962962962963
6 0.4765625 0.19814814814814816 0.009375 0.053703703703703705
7 0.5140625 0.07361111111111111 0.02395833333333333 0.03981481481481482
