7 0.5322916666666666 0.23194444444444445 0.0375 0.06574074074074074
0 0.5 0.38657407407407407 0.00625 0.025
0 0.49583333333333335 0.6 0.008333333333333333 0.031481481481481485
0 0.47161458333333334 0.7356481481481482 0.0109375 0.04351851851851852
0 0.42265625 0.8185185185185185 0.0109375 0.044444444444444446
0 0.36302083333333335 0.924537037037037 0.0125 0.049074074074074076
2 0.5036458333333333 0.6675925925925926 0.021875 0.020370370370370372
2 0.49322916666666666 0.5532407407407408 0.010416666666666666 0.025
2 0.4864583333333333 0.5013888888888889 0.01875 0.01388888888888889
2 0.4966145833333333 0.45925925925925926 0.008854166666666666 0.014814814814814815
2 0.48463541666666665 0.42129629629629634 0.013020833333333334 0.014814814814814815
6 0.2830729166666667 0.7217592592592593 0.0234375 0.10277777777777779
3 0.30182291666666666 0.7518518518518519 0.013020833333333334 0.11296296296296297
3 0.3140625 0.7578703703703704 0.0125 0.10462962962962963
