0 0.4940104166666667 0.15787037037037038 0.0046875 0.010185185185185186
0 0.4947916666666667 0.17175925925925928 0.004166666666666667 0.010185185185185186
0 0.4940104166666667 0.1865740740740741 0.0046875 0.012037037037037037
0 0.4953125 0.2013888888888889 0.007291666666666667 0.012037037037037037
0 0.4953125 0.21574074074074076 0.005208333333333333 0.012962962962962964
0 0.4934895833333333 0.22962962962962963 0.005729166666666666 0.012962962962962964
0 0.4953125 0.24722222222222223 0.004166666666666667 0.016666666666666666
0 0.48333333333333334 0.26805555555555555 0.007291666666666667 0.021296296296296296
0 0.4609375 0.28611111111111115 0.005208333333333333 0.020370370370370372
0 0.43645833333333334 0.3092592592592593 0.005208333333333333 0.024074074074074074
3 0.46588541666666666 0.2439814814814815 0.0109375 0.05648148148148149
3 0.3966145833333333 0.26944444444444443 0.013020833333333334 0.061111111111111116
4 0.4440104166666667 0.2439814814814815 0.0109375 0.05648148148148149
6 0.4770833333333333 0.225 0.009375 0.05555555555555556
7 0.5158854166666667 0.08518518518518518 0.024479166666666666 0.040740740740740744
