0 0.43776041666666665 0.2740740740740741 0.005729166666666666 0.018518518518518517
0 0.4614583333333333 0.25601851851851853 0.004166666666666667 0.017592592592592594
0 0.4828125 0.23611111111111113 0.004166666666666667 0.020370370370370372
0 0.4940104166666667 0.21944444444444444 0.0046875 0.016666666666666666
0 0.4927083333333333 0.20555555555555557 0.003125 0.014814814814814815
0 0.4927083333333333 0.18888888888888888 0.003125 0.012962962962962964
0 0.4934895833333333 0.17685185185185187 0.0036458333333333334 0.016666666666666666
0 0.4927083333333333 0.1638888888888889 0.004166666666666667 0.012962962962962964
0 0.49322916666666666 0.1513888888888889 0.004166666666666667 0.012037037037037037
0 0.4940104166666667 0.13657407407407407 0.0046875 0.01388888888888889
3 0.4640625 0.21666666666666667 0.010416666666666666 0.053703703703703705
3 0.4015625 0.23657407407407408 0.013541666666666667 0.05648148148148149
6 0.4765625 0.19814814814814816 0.010416666666666666 0.053703703703703705
7 0.5153645833333333 0.07453703703703704 0.024479166666666666 0.04351851851851852
