3 0.4479166666666667 0.8648148148148148 0.029166666666666667 0.13518518518518519
4 0.4223958333333333 0.7157407407407408 0.028125 0.11296296296296297
6 0.48463541666666665 0.6078703703703704 0.0234375 0.11574074074074074
7 0.5364583333333334 0.2726851851851852 0.046875 0.07314814814814816
0 0.5026041666666666 0.46296296296296297 0.0125 0.040740740740740744
0 0.50703125 0.5074074074074074 0.0067708333333333336 0.02777777777777778
0 0.4942708333333333 0.9689814814814816 0.021875 0.05277777777777778
0 0.51953125 0.8592592592592593 0.018229166666666668 0.05
0 0.5145833333333333 0.7620370370370371 0.015625 0.044444444444444446
0 0.51328125 0.6833333333333333 0.0140625 0.04259259259259259
0 0.5114583333333333 0.6157407407407408 0.010416666666666666 0.037037037037037035
0 0.5078125 0.5597222222222222 0.014583333333333334 0.04722222222222222
