3 0.2565104166666667 0.712962962962963 0.024479166666666666 0.10370370370370371
3 0.41302083333333334 0.5638888888888889 0.016666666666666666 0.09074074074074075
5 0.46067708333333335 0.5120370370370371 0.0171875 0.08888888888888889
4 0.42083333333333334 0.49953703703703706 0.015625 0.08240740740740742
0 0.37109375 0.7726851851851853 0.0109375 0.03981481481481482
0 0.42473958333333334 0.6907407407407408 0.0109375 0.03888888888888889
0 0.4692708333333333 0.625 0.009375 0.03518518518518519
0 0.49296875 0.5643518518518519 0.009895833333333333 0.03425925925925926
0 0.4927083333333333 0.513425925925926 0.008333333333333333 0.030555555555555558
0 0.49557291666666664 0.46805555555555556 0.008854166666666666 0.026851851851851852
0 0.49635416666666665 0.4273148148148148 0.007291666666666667 0.025
0 0.49765624999999997 0.3912037037037037 0.0078125 0.026851851851851852
0 0.49921875 0.36064814814814816 0.0067708333333333336 0.02314814814814815
0 0.5 0.33194444444444443 0.007291666666666667 0.02314814814814815
7 0.5338541666666666 0.1925925925925926 0.03333333333333333 0.05740740740740741
