7 0.5151041666666667 0.12638888888888888 0.026041666666666668 0.04537037037037037
0 0.4184895833333333 0.4351851851851852 0.0078125 0.02777777777777778
0 0.4505208333333333 0.4 0.008333333333333333 0.02777777777777778
3 0.3697916666666667 0.37962962962962965 0.013541666666666667 0.06851851851851852
4 0.43645833333333334 0.3194444444444445 0.0125 0.061111111111111116
3 0.46432291666666664 0.3375 0.013020833333333334 0.06574074074074074
6 0.4783854166666667 0.2976851851851852 0.0109375 0.0638888888888889
0 0.4778645833333333 0.3703703703703704 0.0078125 0.024074074074074074
0 0.49192708333333335 0.34120370370370373 0.0078125 0.025
0 0.49114583333333334 0.3148148148148148 0.00625 0.022222222222222223
0 0.49192708333333335 0.29074074074074074 0.0067708333333333336 0.022222222222222223
0 0.49192708333333335 0.26944444444444443 0.005729166666666666 0.020370370370370372
0 0.49114583333333334 0.25 0.005208333333333333 0.020370370370370372
0 0.4921875 0.23148148148148148 0.00625 0.018518518518518517
0 0.49192708333333335 0.21481481481481482 0.005729166666666666 0.018518518518518517
