7 0.515625 0.12546296296296297 0.028125 0.049074074074074076
3 0.37057291666666664 0.3763888888888889 0.0140625 0.06574074074074074
3 0.46432291666666664 0.3351851851851852 0.013020833333333334 0.06666666666666667
4 0.4361979166666667 0.3175925925925926 0.013020833333333334 0.061111111111111116
6 0.47734375 0.29583333333333334 0.013020833333333334 0.062037037037037036
0 0.41901041666666666 0.4324074074074074 0.008854166666666666 0.02777777777777778
0 0.45026041666666666 0.3976851851851852 0.0078125 0.025
0 0.47760416666666666 0.3675925925925926 0.008333333333333333 0.02592592592592593
0 0.49244791666666665 0.33981481481481485 0.0078125 0.022222222222222223
0 0.49166666666666664 0.21435185185185185 0.00625 0.019444444444444445
0 0.49114583333333334 0.31342592592592594 0.00625 0.02314814814814815
0 0.4921875 0.2888888888888889 0.00625 0.022222222222222223
0 0.49140625 0.2675925925925926 0.005729166666666666 0.020370370370370372
0 0.4908854166666667 0.25 0.0046875 0.020370370370370372
0 0.49114583333333334 0.23148148148148148 0.00625 0.018518518518518517
