3 0.24270833333333333 0.7606481481481482 0.025 0.11203703703703705
3 0.40963541666666664 0.5912037037037037 0.01614583333333333 0.09722222222222222
5 0.46249999999999997 0.5342592592592593 0.01875 0.0925925925925926
4 0.4184895833333333 0.5263888888888889 0.015104166666666667 0.08796296296296297
0 0.36328125 0.8240740740740741 0.0109375 0.04259259259259259
0 0.4203125 0.7337962962962963 0.011458333333333333 0.03981481481481482
0 0.4671875 0.6620370370370371 0.010416666666666666 0.037037037037037035
0 0.49166666666666664 0.5958333333333333 0.009375 0.032407407407407406
0 0.49192708333333335 0.5407407407407407 0.008854166666666666 0.02962962962962963
0 0.4947916666666667 0.49074074074074076 0.008333333333333333 0.02777777777777778
0 0.49609375 0.4476851851851852 0.0078125 0.026851851851851852
0 0.496875 0.41064814814814815 0.007291666666666667 0.025
0 0.4986979166666667 0.3773148148148148 0.0067708333333333336 0.025
0 0.49973958333333335 0.34675925925925927 0.0067708333333333336 0.025
7 0.5338541666666666 0.2013888888888889 0.034375 0.06018518518518519
