7 0.51484375 0.12731481481481483 0.027604166666666666 0.04537037037037037
3 0.36692708333333335 0.3875 0.0140625 0.06944444444444445
6 0.47760416666666666 0.30185185185185187 0.011458333333333333 0.06296296296296297
4 0.4348958333333333 0.32407407407407407 0.011458333333333333 0.06296296296296297
3 0.46510416666666665 0.3462962962962963 0.0125 0.06851851851851852
0 0.41640625 0.4467592592592593 0.008854166666666666 0.028703703703703703
0 0.44869791666666664 0.4101851851851852 0.0078125 0.02777777777777778
0 0.4765625 0.37962962962962965 0.008333333333333333 0.02592592592592593
0 0.49114583333333334 0.34861111111111115 0.009375 0.025
0 0.4908854166666667 0.21944444444444444 0.005729166666666666 0.018518518518518517
0 0.490625 0.3226851851851852 0.00625 0.02314814814814815
0 0.49114583333333334 0.2976851851851852 0.00625 0.021296296296296296
0 0.490625 0.27546296296296297 0.007291666666666667 0.019444444444444445
0 0.4908854166666667 0.23750000000000002 0.005729166666666666 0.017592592592592594
0 0.4901041666666667 0.2550925925925926 0.00625 0.019444444444444445
