3 0.39088541666666665 0.2962962962962963 0.015104166666666667 0.061111111111111116
3 0.465625 0.2638888888888889 0.011458333333333333 0.05740740740740741
4 0.4401041666666667 0.26712962962962966 0.009375 0.058333333333333334
6 0.47578125 0.24953703703703706 0.011979166666666666 0.058333333333333334
0 0.4322916666666667 0.3425925925925926 0.007291666666666667 0.024074074074074074
0 0.45859374999999997 0.31666666666666665 0.0078125 0.024074074074074074
0 0.4822916666666667 0.2935185185185185 0.008333333333333333 0.024074074074074074
0 0.4947916666666667 0.27175925925925926 0.00625 0.021296296296296296
0 0.4940104166666667 0.2537037037037037 0.0067708333333333336 0.020370370370370372
0 0.4942708333333333 0.2351851851851852 0.007291666666666667 0.018518518518518517
0 0.4940104166666667 0.2175925925925926 0.005729166666666666 0.018518518518518517
0 0.49374999999999997 0.20231481481481484 0.00625 0.019444444444444445
0 0.4940104166666667 0.1902777777777778 0.005729166666666666 0.017592592592592594
0 0.4940104166666667 0.17407407407407408 0.005729166666666666 0.020370370370370372
7 0.5158854166666667 0.0976851851851852 0.024479166666666666 0.04166666666666667
