3 0.2713541666666667 0.663425925925926 0.022916666666666665 0.10092592592592593
3 0.41510416666666666 0.5347222222222222 0.014583333333333334 0.08981481481481482
5 0.4614583333333333 0.487962962962963 0.017708333333333333 0.08703703703703704
4 0.42135416666666664 0.475462962962963 0.014583333333333334 0.08055555555555556
0 0.3794270833333333 0.7194444444444444 0.009895833333333333 0.03888888888888889
0 0.4296875 0.6462962962962964 0.010416666666666666 0.03518518518518519
0 0.471875 0.587037037037037 0.009375 0.03333333333333333
0 0.4940104166666667 0.5319444444444444 0.008854166666666666 0.028703703703703703
0 0.49374999999999997 0.4842592592592593 0.008333333333333333 0.02777777777777778
0 0.4966145833333333 0.4416666666666667 0.0078125 0.02592592592592593
0 0.4973958333333333 0.4050925925925926 0.007291666666666667 0.02314814814814815
0 0.4981770833333333 0.3717592592592593 0.0067708333333333336 0.02314814814814815
0 0.5 0.3425925925925926 0.00625 0.022222222222222223
0 0.5010416666666666 0.3162037037037037 0.00625 0.021296296296296296
7 0.5338541666666666 0.18472222222222223 0.03229166666666666 0.058333333333333334
