0 0.4395833333333333 0.27546296296296297 0.00625 0.019444444444444445
0 0.46197916666666666 0.2555555555555556 0.00625 0.018518518518518517
0 0.4828125 0.23842592592592593 0.004166666666666667 0.019444444444444445
0 0.4940104166666667 0.2199074074074074 0.0046875 0.015740740740740743
0 0.4927083333333333 0.2064814814814815 0.005208333333333333 0.014814814814814815
0 0.49322916666666666 0.19166666666666668 0.004166666666666667 0.014814814814814815
0 0.49322916666666666 0.17731481481481481 0.004166666666666667 0.012037037037037037
0 0.49322916666666666 0.16574074074074074 0.004166666666666667 0.012962962962962964
0 0.49322916666666666 0.15231481481481482 0.004166666666666667 0.012037037037037037
0 0.4940104166666667 0.1398148148148148 0.0046875 0.012962962962962964
7 0.5140625 0.0763888888888889 0.02395833333333333 0.04166666666666667
3 0.4640625 0.21805555555555556 0.011458333333333333 0.05462962962962963
3 0.40208333333333335 0.23657407407407408 0.011458333333333333 0.05648148148148149
6 0.4783854166666667 0.20092592592592592 0.008854166666666666 0.053703703703703705
