3 0.3619791666666667 0.9777777777777779 0.030208333333333334 0.03888888888888889
4 0.35911458333333335 0.8828703703703704 0.021354166666666667 0.13240740740740742
5 0.43333333333333335 0.8990740740740741 0.029166666666666667 0.13703703703703704
0 0.47369791666666666 0.9541666666666667 0.011979166666666666 0.05462962962962963
0 0.47942708333333334 0.8384259259259259 0.013020833333333334 0.05092592592592593
0 0.48203124999999997 0.7462962962962963 0.0109375 0.0462962962962963
0 0.4848958333333333 0.6680555555555556 0.013541666666666667 0.04537037037037037
0 0.48932291666666666 0.6055555555555556 0.015104166666666667 0.04259259259259259
0 0.4903645833333333 0.5481481481481482 0.0078125 0.03888888888888889
7 0.53515625 0.31157407407407406 0.043229166666666666 0.08425925925925926
