3 0.23072916666666665 0.800462962962963 0.027083333333333334 0.1175925925925926
3 0.40781249999999997 0.6125 0.014583333333333334 0.09907407407407408
5 0.4614583333333333 0.5550925925925926 0.01875 0.09351851851851853
4 0.41484375 0.5435185185185185 0.019270833333333334 0.08703703703703704
0 0.3559895833333333 0.8671296296296297 0.011979166666666666 0.04351851851851852
0 0.4161458333333333 0.7694444444444445 0.0125 0.04259259259259259
0 0.4653645833333333 0.6930555555555555 0.0109375 0.036111111111111115
0 0.4903645833333333 0.6226851851851852 0.009895833333333333 0.03425925925925926
0 0.49114583333333334 0.563425925925926 0.009375 0.030555555555555558
0 0.49374999999999997 0.5106481481481482 0.008333333333333333 0.028703703703703703
0 0.4947916666666667 0.4652777777777778 0.008333333333333333 0.026851851851851852
0 0.49609375 0.425462962962963 0.0078125 0.026851851851851852
0 0.4979166666666667 0.3912037037037037 0.007291666666666667 0.025
0 0.49895833333333334 0.3601851851851852 0.007291666666666667 0.024074074074074074
7 0.5338541666666666 0.2087962962962963 0.035416666666666666 0.06018518518518519
