3 0.39296875 0.28194444444444444 0.011979166666666666 0.05648148148148149
3 0.46822916666666664 0.25601851851851853 0.011458333333333333 0.05462962962962963
4 0.44114583333333335 0.25462962962962965 0.010416666666666666 0.053703703703703705
6 0.47604166666666664 0.23703703703703705 0.010416666666666666 0.05740740740740741
0 0.4341145833333333 0.32546296296296295 0.0067708333333333336 0.025
0 0.459375 0.3013888888888889 0.007291666666666667 0.021296296296296296
0 0.4830729166666667 0.28101851851851856 0.005729166666666666 0.02314814814814815
0 0.4947916666666667 0.25925925925925924 0.00625 0.022222222222222223
0 0.49453125 0.23935185185185187 0.005729166666666666 0.017592592592592594
0 0.4942708333333333 0.2240740740740741 0.00625 0.016666666666666666
0 0.4942708333333333 0.20787037037037037 0.005208333333333333 0.015740740740740743
0 0.4940104166666667 0.19398148148148148 0.005729166666666666 0.017592592592592594
0 0.4947916666666667 0.1814814814814815 0.00625 0.016666666666666666
0 0.4942708333333333 0.16666666666666669 0.005208333333333333 0.018518518518518517
7 0.515625 0.09212962962962963 0.02395833333333333 0.03981481481481482
