0 0.43645833333333334 0.3 0.004166666666666667 0.018518518518518517
0 0.4609375 0.27870370370370373 0.005208333333333333 0.020370370370370372
0 0.4828125 0.2569444444444445 0.005208333333333333 0.021296296296296296
0 0.49453125 0.23842592592592593 0.0036458333333333334 0.017592592592592594
0 0.4940104166666667 0.22222222222222224 0.0036458333333333334 0.014814814814814815
0 0.4940104166666667 0.20694444444444446 0.0036458333333333334 0.015740740740740743
0 0.4940104166666667 0.19166666666666668 0.0046875 0.014814814814814815
0 0.4934895833333333 0.17824074074074076 0.0036458333333333334 0.01388888888888889
0 0.4940104166666667 0.16481481481481483 0.0046875 0.012962962962962964
0 0.4940104166666667 0.1513888888888889 0.0046875 0.015740740740740743
3 0.4635416666666667 0.23703703703703705 0.0125 0.05740740740740741
3 0.3971354166666667 0.25925925925925924 0.015104166666666667 0.05740740740740741
6 0.4765625 0.2175925925925926 0.0125 0.05555555555555556
7 0.5145833333333333 0.08333333333333334 0.02395833333333333 0.04259259259259259
