3 0.28854166666666664 0.8083333333333333 0.014583333333333334 0.12407407407407407
3 0.3026041666666667 0.8148148148148149 0.0125 0.11666666666666667
6 0.27317708333333335 0.7763888888888889 0.01614583333333333 0.10648148148148148
0 0.41770833333333335 0.8810185185185185 0.0125 0.049074074074074076
0 0.3533854166666667 0.9884259259259259 0.008854166666666666 0.021296296296296296
0 0.4692708333333333 0.787962962962963 0.0125 0.044444444444444446
0 0.49505208333333334 0.6370370370370371 0.009895833333333333 0.03518518518518519
0 0.5 0.4083333333333333 0.007291666666666667 0.024074074074074074
2 0.48333333333333334 0.44537037037037036 0.013541666666666667 0.014814814814814815
2 0.49713541666666666 0.4842592592592593 0.0078125 0.014814814814814815
2 0.48593749999999997 0.5333333333333333 0.016666666666666666 0.014814814814814815
2 0.49296875 0.587037037037037 0.009895833333333333 0.02592592592592593
2 0.5033854166666667 0.7125 0.021354166666666667 0.02314814814814815
7 0.5341145833333333 0.24212962962962964 0.03697916666666667 0.0638888888888889
