3 0.4515625 0.9305555555555556 0.026041666666666668 0.13333333333333333
4 0.42343749999999997 0.763425925925926 0.017708333333333333 0.12314814814814816
6 0.49322916666666666 0.6407407407407407 0.025 0.1
0 0.5270833333333333 0.9194444444444445 0.021875 0.061111111111111116
0 0.5190104166666667 0.8171296296296297 0.0109375 0.04537037037037037
0 0.5184895833333333 0.7263888888888889 0.0078125 0.04537037037037037
0 0.5153645833333333 0.6555555555555556 0.0109375 0.04259259259259259
0 0.51171875 0.5930555555555556 0.009895833333333333 0.03796296296296296
0 0.5119791666666667 0.5375 0.0125 0.03425925925925926
0 0.5104166666666666 0.49259259259259264 0.011458333333333333 0.031481481481481485
0 0.5395833333333333 0.28935185185185186 0.041666666666666664 0.08240740740740742
