3 0.35963541666666665 0.41944444444444445 0.0171875 0.07777777777777778
4 0.4309895833333333 0.34953703703703703 0.01614583333333333 0.0712962962962963
6 0.47578125 0.3199074074074074 0.013020833333333334 0.06944444444444445
3 0.45416666666666666 0.3740740740740741 0.014583333333333334 0.07407407407407407
0 0.4114583333333333 0.48333333333333334 0.010416666666666666 0.03518518518518519
0 0.4453125 0.4439814814814815 0.011458333333333333 0.028703703703703703
0 0.4744791666666667 0.4087962962962963 0.009375 0.028703703703703703
0 0.4908854166666667 0.3768518518518519 0.0078125 0.02962962962962963
0 0.48984374999999997 0.3458333333333333 0.008854166666666666 0.025
0 0.4903645833333333 0.3194444444444445 0.0078125 0.024074074074074074
0 0.4895833333333333 0.29444444444444445 0.007291666666666667 0.022222222222222223
0 0.4895833333333333 0.2726851851851852 0.008333333333333333 0.021296296296296296
1 0.4903645833333333 0.2439814814814815 0.0078125 0.04166666666666667
7 0.5145833333333333 0.13935185185185187 0.028125 0.05462962962962963
