3 0.2609375 0.9560185185185186 0.041666666666666664 0.07314814814814816
3 0.4453125 0.8050925925925926 0.026041666666666668 0.13611111111111113
4 0.4239583333333333 0.6712962962962963 0.026041666666666668 0.09814814814814815
6 0.48541666666666666 0.5787037037037037 0.01875 0.10370370370370371
6 0.5315104166666667 0.26203703703703707 0.0421875 0.07037037037037037
0 0.48541666666666666 0.9111111111111111 0.030208333333333334 0.05555555555555556
0 0.5119791666666667 0.8060185185185186 0.0125 0.04722222222222222
0 0.5078125 0.7189814814814816 0.014583333333333334 0.049074074074074076
0 0.5072916666666667 0.6453703703703704 0.0125 0.05185185185185186
0 0.5065104166666666 0.5861111111111111 0.013020833333333334 0.04259259259259259
0 0.5033854166666667 0.538425925925926 0.0171875 0.04166666666666667
0 0.5033854166666667 0.48240740740740745 0.0171875 0.037037037037037035
0 0.5033854166666667 0.4425925925925926 0.0140625 0.03888888888888889
