0 0.43906249999999997 0.274537037037037 0.007291666666666667 0.019444444444444445
0 0.4622395833333333 0.25462962962962965 0.005729166666666666 0.016666666666666666
0 0.48203124999999997 0.23611111111111113 0.005729166666666666 0.018518518518518517
0 0.49322916666666666 0.21944444444444444 0.003125 0.014814814814814815
0 0.4927083333333333 0.20601851851851852 0.003125 0.012037037037037037
0 0.4934895833333333 0.18981481481481483 0.0036458333333333334 0.014814814814814815
0 0.4934895833333333 0.17453703703703705 0.0036458333333333334 0.012037037037037037
0 0.4934895833333333 0.1638888888888889 0.0036458333333333334 0.012962962962962964
0 0.4940104166666667 0.15046296296296297 0.0036458333333333334 0.010185185185185186
0 0.49322916666666666 0.13796296296296298 0.004166666666666667 0.014814814814814815
3 0.4635416666666667 0.2175925925925926 0.010416666666666666 0.05555555555555556
3 0.4015625 0.23611111111111113 0.010416666666666666 0.05555555555555556
6 0.4765625 0.19814814814814816 0.008333333333333333 0.05185185185185186
7 0.5140625 0.07268518518518519 0.022916666666666665 0.03981481481481482
