3 0.3489583333333333 0.48055555555555557 0.017708333333333333 0.08703703703703704
3 0.4484375 0.4226851851851852 0.017708333333333333 0.08055555555555556
0 0.40520833333333334 0.5560185185185186 0.0125 0.036111111111111115
0 0.4421875 0.5055555555555555 0.010416666666666666 0.031481481481481485
0 0.47604166666666664 0.46296296296296297 0.010416666666666666 0.031481481481481485
0 0.4921875 0.4240740740740741 0.010416666666666666 0.031481481481481485
0 0.4908854166666667 0.3912037037037037 0.0109375 0.026851851851851852
0 0.49166666666666664 0.35879629629629634 0.010416666666666666 0.026851851851851852
0 0.49114583333333334 0.3314814814814815 0.009375 0.02777777777777778
0 0.4903645833333333 0.30648148148148147 0.0109375 0.024074074074074074
0 0.49114583333333334 0.2828703703703704 0.009375 0.02314814814814815
0 0.4908854166666667 0.2606481481481482 0.0078125 0.02314814814814815
6 0.47291666666666665 0.3462962962962963 0.015625 0.07407407407407407
4 0.4270833333333333 0.39166666666666666 0.017708333333333333 0.07222222222222223
7 0.51640625 0.15601851851851853 0.030729166666666665 0.05648148148148149
