0 0.49921875 0.4189814814814815 0.0078125 0.025
0 0.4973958333333333 0.45740740740740743 0.008333333333333333 0.02592592592592593
0 0.49557291666666664 0.5013888888888889 0.008854166666666666 0.026851851851851852
0 0.49374999999999997 0.5486111111111112 0.008333333333333333 0.03425925925925926
0 0.4927083333333333 0.6074074074074074 0.0125 0.03518518518518519
0 0.48932291666666666 0.6763888888888889 0.0109375 0.032407407407407406
0 0.48854166666666665 0.7555555555555555 0.014583333333333334 0.044444444444444446
0 0.45807291666666666 0.850925925925926 0.015104166666666667 0.044444444444444446
0 0.39947916666666666 0.9583333333333334 0.015625 0.05185185185185186
3 0.17239583333333333 0.9675925925925927 0.03229166666666666 0.053703703703703705
3 0.40703125 0.7287037037037037 0.024479166666666666 0.11111111111111112
4 0.40078125 0.6319444444444444 0.021354166666666667 0.07314814814814816
5 0.45546875 0.6546296296296297 0.021354166666666667 0.10185185185185186
7 0.5359375 0.24212962962962964 0.03854166666666667 0.0638888888888889
