7 0.5361979166666666 0.3092592592592593 0.0421875 0.07592592592592592
0 0.49166666666666664 0.5416666666666667 0.015625 0.037037037037037035
0 0.48854166666666665 0.5935185185185186 0.008333333333333333 0.044444444444444446
0 0.48593749999999997 0.6578703703703704 0.008333333333333333 0.03981481481481482
0 0.48463541666666665 0.7314814814814815 0.011979166666666666 0.04259259259259259
0 0.47578125 0.937962962962963 0.0140625 0.05
0 0.48125 0.8231481481481482 0.013541666666666667 0.044444444444444446
4 0.3606770833333333 0.8648148148148148 0.019270833333333334 0.1277777777777778
5 0.4354166666666667 0.875462962962963 0.022916666666666665 0.13240740740740742
3 0.3651041666666667 0.9694444444444444 0.030208333333333334 0.05555555555555556
