3 0.2908854166666667 0.7694444444444445 0.0234375 0.13148148148148148
3 0.4395833333333333 0.6481481481481481 0.026041666666666668 0.10925925925925926
4 0.44088541666666664 0.5675925925925926 0.0265625 0.10370370370370371
6 0.47239583333333335 0.49212962962962964 0.021875 0.09537037037037037
7 0.5221354166666666 0.225 0.043229166666666666 0.08148148148148149
0 0.3703125 0.9027777777777778 0.016666666666666666 0.05555555555555556
0 0.42526041666666664 0.7958333333333334 0.0140625 0.049074074074074076
0 0.47109375 0.7203703703703704 0.011979166666666666 0.05
0 0.49296875 0.6467592592592593 0.027604166666666666 0.058333333333333334
0 0.4908854166666667 0.5833333333333334 0.015104166666666667 0.03518518518518519
0 0.4934895833333333 0.5263888888888889 0.009895833333333333 0.03425925925925926
0 0.4927083333333333 0.4842592592592593 0.015625 0.03888888888888889
0 0.4927083333333333 0.4430555555555556 0.015625 0.03425925925925926
0 0.49114583333333334 0.4083333333333333 0.015625 0.040740740740740744
0 0.49114583333333334 0.3703703703703704 0.015625 0.024074074074074074
