7 0.5354166666666667 0.225 0.040625 0.06481481481481481
0 0.49947916666666664 0.3875 0.010416666666666666 0.028703703703703703
0 0.4984375 0.42129629629629634 0.010416666666666666 0.02777777777777778
0 0.49609375 0.4587962962962963 0.008854166666666666 0.032407407407407406
0 0.49557291666666664 0.5027777777777778 0.011979166666666666 0.03333333333333333
0 0.49374999999999997 0.5518518518518519 0.010416666666666666 0.037037037037037035
0 0.4901041666666667 0.6148148148148148 0.010416666666666666 0.037037037037037035
0 0.490625 0.6819444444444445 0.0125 0.03796296296296296
0 0.46328125 0.762962962962963 0.011979166666666666 0.03888888888888889
0 0.409375 0.8537037037037037 0.014583333333333334 0.05
0 0.3424479166666667 0.9717592592592593 0.01614583333333333 0.04722222222222222
3 0.20755208333333333 0.8958333333333334 0.0390625 0.13425925925925927
3 0.4083333333333333 0.6675925925925926 0.02395833333333333 0.10740740740740741
4 0.4075520833333333 0.5768518518518518 0.0203125 0.06851851851851852
5 0.45989583333333334 0.5986111111111111 0.025 0.10648148148148148
