7 0.51484375 0.1328703703703704 0.027604166666666666 0.04722222222222222
3 0.36432291666666666 0.3995370370370371 0.0140625 0.07314814814814816
3 0.4609375 0.3578703703703704 0.0125 0.06944444444444445
4 0.4315104166666667 0.33425925925925926 0.013020833333333334 0.06296296296296297
6 0.4747395833333333 0.3092592592592593 0.013020833333333334 0.06481481481481481
0 0.4140625 0.4601851851851852 0.008333333333333333 0.02777777777777778
0 0.4473958333333333 0.4217592592592593 0.007291666666666667 0.026851851851851852
0 0.47604166666666664 0.38981481481481484 0.008333333333333333 0.02777777777777778
0 0.49114583333333334 0.3592592592592593 0.00625 0.024074074074074074
0 0.4901041666666667 0.3314814814814815 0.007291666666666667 0.022222222222222223
0 0.4903645833333333 0.30648148148148147 0.0067708333333333336 0.022222222222222223
0 0.4903645833333333 0.2837962962962963 0.0067708333333333336 0.021296296296296296
0 0.4901041666666667 0.2625 0.005208333333333333 0.019444444444444445
0 0.490625 0.2439814814814815 0.005208333333333333 0.017592592592592594
0 0.490625 0.22592592592592595 0.00625 0.020370370370370372
