3 0.2557291666666667 0.9537037037037037 0.01875 0.09074074074074075
3 0.27239583333333334 0.9615740740740741 0.014583333333333334 0.075
6 0.23567708333333334 0.9361111111111111 0.021354166666666667 0.12592592592592594
0 0.46588541666666666 0.9467592592592593 0.011979166666666666 0.049074074074074076
0 0.49583333333333335 0.75 0.010416666666666666 0.040740740740740744
0 0.5013020833333334 0.46805555555555556 0.0078125 0.025
2 0.48333333333333334 0.5120370370370371 0.013541666666666667 0.016666666666666666
2 0.4973958333333333 0.5601851851851852 0.009375 0.016666666666666666
2 0.48515625 0.6199074074074075 0.0203125 0.01388888888888889
2 0.49296875 0.6851851851851852 0.009895833333333333 0.02777777777777778
2 0.5046875 0.8458333333333333 0.025 0.025
7 0.5375 0.2791666666666667 0.03854166666666667 0.06759259259259259
