7 0.5328125 0.21944444444444444 0.036458333333333336 0.06666666666666667
0 0.50078125 0.3680555555555556 0.005729166666666666 0.026851851851851852
0 0.4966145833333333 0.5648148148148149 0.009895833333333333 0.03333333333333333
0 0.4747395833333333 0.6907407407407408 0.009895833333333333 0.03888888888888889
0 0.4283854166666667 0.763425925925926 0.011979166666666666 0.04537037037037037
0 0.37213541666666666 0.8587962962962963 0.011979166666666666 0.04722222222222222
2 0.4848958333333333 0.40046296296296297 0.0125 0.010185185185185186
2 0.4981770833333333 0.4361111111111111 0.0067708333333333336 0.012962962962962964
2 0.48723958333333334 0.47824074074074074 0.01614583333333333 0.015740740740740743
2 0.4942708333333333 0.525 0.009375 0.022222222222222223
2 0.5041666666666667 0.6300925925925926 0.019791666666666666 0.017592592592592594
6 0.29583333333333334 0.6768518518518519 0.01875 0.09814814814814815
3 0.31276041666666665 0.701388888888889 0.013020833333333334 0.10648148148148148
3 0.3255208333333333 0.7087962962962964 0.011458333333333333 0.10277777777777779
