0 0.43776041666666665 0.2833333333333333 0.0046875 0.022222222222222223
0 0.4614583333333333 0.26157407407407407 0.004166666666666667 0.019444444444444445
0 0.48333333333333334 0.24305555555555555 0.005208333333333333 0.02314814814814815
0 0.4940104166666667 0.22453703703703703 0.0036458333333333334 0.017592592592592594
0 0.4940104166666667 0.20925925925925926 0.0046875 0.012962962962962964
0 0.4940104166666667 0.19398148148148148 0.0046875 0.01388888888888889
0 0.4940104166666667 0.18055555555555555 0.0046875 0.012962962962962964
0 0.49322916666666666 0.16805555555555557 0.004166666666666667 0.012037037037037037
0 0.4927083333333333 0.15601851851851853 0.005208333333333333 0.012037037037037037
0 0.4940104166666667 0.14444444444444446 0.0046875 0.014814814814814815
3 0.46328125 0.22175925925925927 0.009895833333333333 0.05648148148148149
3 0.4002604166666667 0.24351851851851852 0.011979166666666666 0.05555555555555556
6 0.4778645833333333 0.2050925925925926 0.009895833333333333 0.05277777777777778
7 0.5140625 0.07592592592592592 0.027083333333333334 0.044444444444444446
