3 0.29583333333333334 0.5740740740740741 0.020833333333333332 0.0925925925925926
3 0.41822916666666665 0.47453703703703703 0.015625 0.08240740740740742
5 0.4653645833333333 0.4416666666666667 0.0171875 0.07962962962962963
4 0.4302083333333333 0.42824074074074076 0.013541666666666667 0.075
0 0.39348958333333334 0.6236111111111111 0.009895833333333333 0.036111111111111115
0 0.4380208333333333 0.5638888888888889 0.010416666666666666 0.03333333333333333
0 0.47630208333333335 0.5162037037037037 0.008854166666666666 0.030555555555555558
0 0.49609375 0.46944444444444444 0.0078125 0.02777777777777778
0 0.49635416666666665 0.4287037037037037 0.008333333333333333 0.02592592592592593
0 0.4984375 0.39212962962962966 0.007291666666666667 0.02314814814814815
0 0.49947916666666664 0.3601851851851852 0.007291666666666667 0.022222222222222223
0 0.5 0.3314814814814815 0.00625 0.022222222222222223
0 0.5015625 0.3055555555555556 0.00625 0.022222222222222223
0 0.5020833333333333 0.28240740740740744 0.00625 0.020370370370370372
7 0.5333333333333333 0.1615740740740741 0.03125 0.05092592592592593
