3 0.3078125 0.5342592592592593 0.01875 0.08703703703703704
3 0.4236979166666667 0.44537037037037036 0.0140625 0.07962962962962963
5 0.46822916666666664 0.425462962962963 0.016666666666666666 0.0787037037037037
4 0.43333333333333335 0.41250000000000003 0.013541666666666667 0.06944444444444445
0 0.4002604166666667 0.5805555555555556 0.008854166666666666 0.031481481481481485
0 0.4419270833333333 0.5259259259259259 0.009895833333333333 0.03333333333333333
0 0.4783854166666667 0.48194444444444445 0.008854166666666666 0.030555555555555558
0 0.4973958333333333 0.44027777777777777 0.008333333333333333 0.026851851851851852
0 0.49765624999999997 0.40324074074074073 0.0078125 0.025
0 0.49947916666666664 0.3699074074074074 0.007291666666666667 0.025
0 0.5 0.33935185185185185 0.007291666666666667 0.02314814814814815
0 0.50078125 0.312962962962963 0.0067708333333333336 0.020370370370370372
0 0.5020833333333333 0.2888888888888889 0.007291666666666667 0.020370370370370372
0 0.503125 0.2657407407407408 0.00625 0.020370370370370372
7 0.5330729166666667 0.15231481481481482 0.030729166666666665 0.05277777777777778
