3 0.16666666666666666 0.9814814814814815 0.027083333333333334 0.03518518518518519
3 0.40651041666666665 0.7421296296296297 0.019270833333333334 0.1175925925925926
4 0.39791666666666664 0.6421296296296296 0.021875 0.0712962962962963
5 0.4549479166666667 0.6657407407407407 0.024479166666666666 0.11111111111111112
0 0.39765625 0.975462962962963 0.018229166666666668 0.04722222222222222
0 0.45625 0.8708333333333333 0.016666666666666666 0.05462962962962963
0 0.48802083333333335 0.7680555555555556 0.013541666666666667 0.04351851851851852
0 0.48854166666666665 0.6865740740740741 0.011458333333333333 0.03796296296296296
0 0.49192708333333335 0.6162037037037037 0.0109375 0.03796296296296296
0 0.49374999999999997 0.5574074074074075 0.010416666666666666 0.03333333333333333
0 0.4942708333333333 0.5055555555555555 0.009375 0.03518518518518519
0 0.4979166666666667 0.4652777777777778 0.008333333333333333 0.026851851851851852
0 0.4984375 0.4240740740740741 0.008333333333333333 0.02592592592592593
7 0.5369791666666667 0.24444444444444446 0.03958333333333333 0.07037037037037037
