7 0.515625 0.1212962962962963 0.029166666666666667 0.04814814814814815
3 0.37473958333333335 0.36203703703703705 0.0140625 0.06851851851851852
3 0.4622395833333333 0.3231481481481482 0.0109375 0.06666666666666667
0 0.421875 0.41574074074074074 0.007291666666666667 0.02777777777777778
0 0.45208333333333334 0.3824074074074074 0.008333333333333333 0.02592592592592593
0 0.47942708333333334 0.3541666666666667 0.0067708333333333336 0.025
4 0.4421875 0.30972222222222223 0.011458333333333333 0.0638888888888889
6 0.48020833333333335 0.2884259259259259 0.011458333333333333 0.062037037037037036
0 0.49322916666666666 0.3263888888888889 0.00625 0.02314814814814815
0 0.4927083333333333 0.30185185185185187 0.00625 0.022222222222222223
0 0.49322916666666666 0.2800925925925926 0.007291666666666667 0.021296296296296296
0 0.49244791666666665 0.2587962962962963 0.0067708333333333336 0.019444444444444445
0 0.4921875 0.24027777777777778 0.007291666666666667 0.019444444444444445
0 0.49296875 0.22361111111111112 0.0067708333333333336 0.017592592592592594
0 0.49296875 0.20555555555555557 0.0067708333333333336 0.018518518518518517
