3 0.34921875 0.4777777777777778 0.018229166666666668 0.08703703703703704
3 0.4484375 0.4189814814814815 0.016666666666666666 0.0787037037037037
0 0.4046875 0.5513888888888889 0.013541666666666667 0.03796296296296296
0 0.4427083333333333 0.5023148148148149 0.0125 0.032407407407407406
0 0.47604166666666664 0.4620370370370371 0.010416666666666666 0.03333333333333333
0 0.49140625 0.4217592592592593 0.009895833333333333 0.028703703703703703
0 0.4903645833333333 0.38842592592592595 0.008854166666666666 0.028703703703703703
0 0.49166666666666664 0.35694444444444445 0.008333333333333333 0.025
0 0.4908854166666667 0.3287037037037037 0.008854166666666666 0.024074074074074074
0 0.4908854166666667 0.3027777777777778 0.0078125 0.02592592592592593
0 0.49166666666666664 0.2814814814814815 0.007291666666666667 0.022222222222222223
0 0.49140625 0.2601851851851852 0.008854166666666666 0.024074074074074074
7 0.5166666666666666 0.1550925925925926 0.030208333333333334 0.05462962962962963
6 0.47265625 0.3453703703703704 0.015104166666666667 0.07037037037037037
4 0.4283854166666667 0.38842592592592595 0.0171875 0.06944444444444445
