0 0.434375 0.3287037037037037 0.008333333333333333 0.024074074074074074
0 0.45989583333333334 0.3050925925925926 0.007291666666666667 0.021296296296296296
0 0.48333333333333334 0.28240740740740744 0.00625 0.022222222222222223
0 0.49557291666666664 0.2601851851851852 0.005729166666666666 0.020370370370370372
0 0.49505208333333334 0.2439814814814815 0.005729166666666666 0.021296296296296296
0 0.4947916666666667 0.225 0.00625 0.020370370370370372
0 0.49453125 0.20925925925925926 0.005729166666666666 0.018518518518518517
0 0.4947916666666667 0.1953703703703704 0.005208333333333333 0.016666666666666666
0 0.4942708333333333 0.18101851851851852 0.00625 0.017592592592592594
0 0.4947916666666667 0.1675925925925926 0.005208333333333333 0.020370370370370372
3 0.39348958333333334 0.28425925925925927 0.0109375 0.05740740740740741
3 0.46848958333333335 0.2569444444444445 0.008854166666666666 0.05648148148148149
4 0.44166666666666665 0.2569444444444445 0.011458333333333333 0.05462962962962963
6 0.47682291666666665 0.23935185185185187 0.0109375 0.058333333333333334
7 0.515625 0.09398148148148149 0.021875 0.03981481481481482
