7 0.5153645833333333 0.1277777777777778 0.027604166666666666 0.05
3 0.36875 0.38333333333333336 0.016666666666666666 0.07037037037037037
3 0.46432291666666664 0.34351851851851856 0.0140625 0.06481481481481481
4 0.4356770833333333 0.32175925925925924 0.011979166666666666 0.06574074074074074
6 0.4783854166666667 0.300462962962963 0.011979166666666666 0.0638888888888889
0 0.41744791666666664 0.44212962962962965 0.008854166666666666 0.028703703703703703
0 0.44895833333333335 0.40601851851851856 0.009375 0.026851851851851852
0 0.47734375 0.375462962962963 0.008854166666666666 0.025
0 0.49192708333333335 0.3453703703703704 0.0078125 0.024074074074074074
0 0.490625 0.3189814814814815 0.007291666666666667 0.025
0 0.49140625 0.2949074074074074 0.0078125 0.021296296296296296
0 0.49114583333333334 0.27361111111111114 0.00625 0.019444444444444445
0 0.490625 0.25324074074074077 0.00625 0.019444444444444445
0 0.49114583333333334 0.23564814814814816 0.00625 0.017592592592592594
0 0.4908854166666667 0.21805555555555556 0.0067708333333333336 0.019444444444444445
