7 0.5153645833333333 0.12731481481481483 0.025520833333333333 0.04722222222222222
3 0.3703125 0.3814814814814815 0.015625 0.07037037037037037
6 0.4361979166666667 0.32175925925925924 0.013020833333333334 0.0638888888888889
3 0.465625 0.33981481481481485 0.0125 0.06666666666666667
6 0.4786458333333333 0.29814814814814816 0.011458333333333333 0.06296296296296297
0 0.4184895833333333 0.4388888888888889 0.0078125 0.02962962962962963
0 0.44921875 0.40324074074074073 0.009895833333333333 0.026851851851851852
0 0.4778645833333333 0.3726851851851852 0.008854166666666666 0.026851851851851852
0 0.4921875 0.34351851851851856 0.008333333333333333 0.024074074074074074
0 0.49114583333333334 0.31712962962962965 0.008333333333333333 0.02314814814814815
0 0.49114583333333334 0.29305555555555557 0.007291666666666667 0.02314814814814815
0 0.49114583333333334 0.27083333333333337 0.007291666666666667 0.021296296296296296
0 0.4908854166666667 0.2513888888888889 0.0067708333333333336 0.019444444444444445
0 0.49114583333333334 0.2337962962962963 0.007291666666666667 0.017592592592592594
0 0.49140625 0.2162037037037037 0.0078125 0.019444444444444445
