3 0.2903645833333333 0.5902777777777778 0.021354166666666667 0.09166666666666667
3 0.41770833333333335 0.4847222222222222 0.01875 0.08240740740740742
5 0.46484375 0.45046296296296295 0.01614583333333333 0.08240740740740742
4 0.4263020833333333 0.4375 0.015104166666666667 0.07685185185185185
0 0.39036458333333335 0.6416666666666667 0.009895833333333333 0.03518518518518519
0 0.43645833333333334 0.5791666666666667 0.009375 0.032407407407407406
0 0.4752604166666667 0.5282407407407408 0.008854166666666666 0.030555555555555558
0 0.49557291666666664 0.48055555555555557 0.0078125 0.02962962962962963
0 0.49557291666666664 0.4398148148148148 0.0078125 0.02592592592592593
0 0.4979166666666667 0.40046296296296297 0.008333333333333333 0.028703703703703703
0 0.49895833333333334 0.3685185185185185 0.007291666666666667 0.024074074074074074
0 0.49947916666666664 0.33981481481481485 0.00625 0.022222222222222223
0 0.5013020833333334 0.3125 0.0067708333333333336 0.021296296296296296
0 0.5018229166666667 0.2888888888888889 0.005729166666666666 0.020370370370370372
7 0.53359375 0.16712962962962963 0.030729166666666665 0.05277777777777778
