3 0.28828125 0.5972222222222222 0.021354166666666667 0.09444444444444444
3 0.41692708333333334 0.49074074074074076 0.0171875 0.08148148148148149
4 0.42473958333333334 0.44074074074074077 0.01614583333333333 0.07592592592592592
5 0.4653645833333333 0.4532407407407408 0.01614583333333333 0.08055555555555556
0 0.3890625 0.6476851851851853 0.010416666666666666 0.036111111111111115
0 0.4348958333333333 0.5851851851851853 0.010416666666666666 0.03333333333333333
0 0.4744791666666667 0.5333333333333333 0.009375 0.031481481481481485
0 0.49505208333333334 0.4851851851851852 0.0078125 0.02777777777777778
0 0.4953125 0.44351851851851853 0.008333333333333333 0.02592592592592593
0 0.4979166666666667 0.40555555555555556 0.007291666666666667 0.024074074074074074
0 0.4986979166666667 0.3717592592592593 0.0067708333333333336 0.021296296296296296
0 0.49895833333333334 0.3425925925925926 0.007291666666666667 0.022222222222222223
0 0.5010416666666666 0.3148148148148148 0.00625 0.022222222222222223
0 0.5018229166666667 0.29074074074074074 0.0067708333333333336 0.020370370370370372
7 0.5333333333333333 0.1675925925925926 0.03125 0.053703703703703705
