0 0.4380208333333333 0.27685185185185185 0.00625 0.018518518518518517
0 0.4614583333333333 0.2569444444444445 0.004166666666666667 0.017592592592592594
0 0.4828125 0.23842592592592593 0.005208333333333333 0.019444444444444445
0 0.4940104166666667 0.22083333333333335 0.0046875 0.015740740740740743
0 0.49322916666666666 0.20555555555555557 0.004166666666666667 0.012962962962962964
0 0.49322916666666666 0.1912037037037037 0.004166666666666667 0.01388888888888889
0 0.4940104166666667 0.17685185185185187 0.0046875 0.011111111111111112
0 0.4940104166666667 0.1615740740740741 0.0036458333333333334 0.012037037037037037
0 0.4934895833333333 0.14953703703703705 0.0036458333333333334 0.008333333333333333
0 0.49296875 0.1375 0.0036458333333333334 0.010185185185185186
6 0.47734375 0.2013888888888889 0.009895833333333333 0.05092592592592593
3 0.46458333333333335 0.21944444444444444 0.010416666666666666 0.053703703703703705
3 0.39947916666666666 0.23935185185185187 0.013541666666666667 0.05648148148148149
7 0.5145833333333333 0.075 0.027083333333333334 0.053703703703703705
