3 0.309375 0.5296296296296297 0.01875 0.08703703703703704
3 0.42421875 0.44212962962962965 0.013020833333333334 0.07685185185185185
4 0.4315104166666667 0.41250000000000003 0.011979166666666666 0.0712962962962963
5 0.4671875 0.42592592592592593 0.014583333333333334 0.07777777777777778
0 0.4015625 0.575925925925926 0.009375 0.03333333333333333
0 0.4432291666666667 0.5226851851851853 0.009375 0.032407407407407406
0 0.47890625 0.4791666666666667 0.008854166666666666 0.028703703703703703
0 0.4979166666666667 0.43703703703703706 0.008333333333333333 0.02592592592592593
0 0.4973958333333333 0.40046296296296297 0.007291666666666667 0.025
0 0.49973958333333335 0.3675925925925926 0.0078125 0.024074074074074074
0 0.5005208333333333 0.33842592592592596 0.007291666666666667 0.021296296296296296
0 0.50078125 0.3111111111111111 0.0067708333333333336 0.020370370370370372
0 0.503125 0.28750000000000003 0.00625 0.021296296296296296
0 0.503125 0.2652777777777778 0.007291666666666667 0.019444444444444445
7 0.5328125 0.15231481481481482 0.030208333333333334 0.049074074074074076
