0 0.45546875 0.9018518518518519 0.0140625 0.04814814814814815
0 0.48671875 0.7972222222222223 0.0109375 0.044444444444444446
0 0.4875 0.7097222222222223 0.0125 0.03981481481481482
0 0.4908854166666667 0.6361111111111112 0.0140625 0.037037037037037035
0 0.4927083333333333 0.5745370370370371 0.011458333333333333 0.032407407407407406
0 0.4940104166666667 0.5226851851851853 0.009895833333333333 0.028703703703703703
0 0.49609375 0.4763888888888889 0.0078125 0.026851851851851852
0 0.4979166666666667 0.4356481481481482 0.008333333333333333 0.026851851851851852
3 0.40208333333333335 0.7625000000000001 0.020833333333333332 0.11203703703703705
4 0.39427083333333335 0.663425925925926 0.021875 0.08055555555555556
5 0.4544270833333333 0.6851851851851852 0.0234375 0.11111111111111112
7 0.53671875 0.2523148148148148 0.0390625 0.06944444444444445
