3 0.28489583333333335 0.6129629629629629 0.021875 0.09444444444444444
3 0.4184895833333333 0.500925925925926 0.0140625 0.08148148148148149
4 0.4236979166666667 0.4467592592592593 0.015104166666666667 0.0712962962962963
5 0.46510416666666665 0.4620370370370371 0.015625 0.08333333333333334
0 0.3872395833333333 0.6643518518518519 0.009895833333333333 0.03796296296296296
0 0.43463541666666666 0.5986111111111111 0.009895833333333333 0.03425925925925926
0 0.47421874999999997 0.5467592592592593 0.008854166666666666 0.030555555555555558
0 0.49505208333333334 0.4962962962962963 0.008854166666666666 0.02962962962962963
0 0.4953125 0.4527777777777778 0.008333333333333333 0.02777777777777778
0 0.49765624999999997 0.41481481481481486 0.0078125 0.024074074074074074
0 0.4984375 0.37962962962962965 0.007291666666666667 0.024074074074074074
0 0.49921875 0.34861111111111115 0.0067708333333333336 0.02314814814814815
0 0.5010416666666666 0.32222222222222224 0.00625 0.022222222222222223
0 0.5018229166666667 0.2972222222222222 0.0067708333333333336 0.022222222222222223
7 0.53359375 0.17222222222222222 0.03177083333333333 0.053703703703703705
