0 0.43854166666666666 0.27546296296296297 0.004166666666666667 0.019444444444444445
0 0.46197916666666666 0.25601851851851853 0.004166666666666667 0.015740740740740743
0 0.4828125 0.23657407407407408 0.004166666666666667 0.017592592592592594
0 0.4940104166666667 0.21944444444444444 0.0036458333333333334 0.012962962962962964
0 0.4934895833333333 0.20416666666666666 0.0026041666666666665 0.012037037037037037
0 0.49322916666666666 0.1902777777777778 0.004166666666666667 0.012037037037037037
0 0.4940104166666667 0.17407407407407408 0.0046875 0.011111111111111112
0 0.4927083333333333 0.16203703703703703 0.003125 0.009259259259259259
0 0.4940104166666667 0.14953703703703705 0.0026041666666666665 0.008333333333333333
0 0.4942708333333333 0.13796296296296298 0.003125 0.009259259259259259
3 0.4640625 0.2189814814814815 0.010416666666666666 0.058333333333333334
3 0.40078125 0.23703703703703705 0.013020833333333334 0.05555555555555556
6 0.4770833333333333 0.19907407407407407 0.010416666666666666 0.05555555555555556
7 0.5140625 0.07453703703703704 0.02395833333333333 0.04351851851851852
