3 0.38125 0.3365740740740741 0.0125 0.0638888888888889
6 0.4796875 0.275 0.010416666666666666 0.053703703703703705
4 0.44375 0.29444444444444445 0.011458333333333333 0.05925925925925926
3 0.46510416666666665 0.29814814814814816 0.010416666666666666 0.06296296296296297
0 0.42578125 0.38657407407407407 0.009895833333333333 0.028703703703703703
0 0.4557291666666667 0.3574074074074074 0.007291666666666667 0.02592592592592593
0 0.4809895833333333 0.33055555555555555 0.0067708333333333336 0.024074074074074074
0 0.4940104166666667 0.3055555555555556 0.0067708333333333336 0.022222222222222223
0 0.4934895833333333 0.2828703703703704 0.0067708333333333336 0.021296296296296296
0 0.4934895833333333 0.26203703703703707 0.0067708333333333336 0.018518518518518517
0 0.4934895833333333 0.24212962962962964 0.005729166666666666 0.021296296296296296
0 0.49296875 0.22592592592592595 0.0046875 0.016666666666666666
0 0.49296875 0.21157407407407408 0.0046875 0.017592592592592594
0 0.49322916666666666 0.19444444444444445 0.00625 0.020370370370370372
7 0.5158854166666667 0.11157407407407408 0.025520833333333333 0.04537037037037037
