0 0.43906249999999997 0.27546296296296297 0.004166666666666667 0.019444444444444445
0 0.46197916666666666 0.2555555555555556 0.004166666666666667 0.016666666666666666
0 0.48333333333333334 0.23796296296296296 0.004166666666666667 0.018518518518518517
0 0.4940104166666667 0.2189814814814815 0.0046875 0.017592592592592594
0 0.4927083333333333 0.20370370370370372 0.004166666666666667 0.012962962962962964
0 0.4927083333333333 0.19074074074074074 0.004166666666666667 0.014814814814814815
0 0.4927083333333333 0.17685185185185187 0.004166666666666667 0.012962962962962964
0 0.49322916666666666 0.1638888888888889 0.005208333333333333 0.012962962962962964
0 0.49322916666666666 0.1513888888888889 0.004166666666666667 0.012037037037037037
0 0.4940104166666667 0.13935185185185187 0.0046875 0.012037037037037037
3 0.4635416666666667 0.21805555555555556 0.011458333333333333 0.05462962962962963
3 0.40208333333333335 0.23611111111111113 0.013541666666666667 0.05555555555555556
6 0.4783854166666667 0.20231481481481484 0.0109375 0.05277777777777778
7 0.5140625 0.075 0.02395833333333333 0.04259259259259259
