0 0.40338541666666666 0.5736111111111112 0.009895833333333333 0.03425925925925926
0 0.44375 0.5217592592592593 0.009375 0.030555555555555558
0 0.47812499999999997 0.4777777777777778 0.008333333333333333 0.031481481481481485
0 0.49583333333333335 0.40185185185185185 0.007291666666666667 0.022222222222222223
0 0.4979166666666667 0.2689814814814815 0.00625 0.019444444444444445
2 0.48541666666666666 0.2935185185185185 0.010416666666666666 0.009259259259259259
2 0.49609375 0.31666666666666665 0.005729166666666666 0.009259259259259259
2 0.48723958333333334 0.3458333333333333 0.0140625 0.010185185185185186
2 0.4934895833333333 0.37592592592592594 0.0067708333333333336 0.014814814814814815
2 0.5015625 0.4430555555555556 0.015625 0.015740740740740743
6 0.3385416666666667 0.46111111111111114 0.01875 0.07777777777777778
3 0.35520833333333335 0.47685185185185186 0.0125 0.08333333333333334
3 0.36302083333333335 0.4791666666666667 0.0125 0.08055555555555556
7 0.5260416666666666 0.15694444444444444 0.03229166666666666 0.05648148148148149
