3 0.30963541666666666 0.5273148148148148 0.0203125 0.08611111111111111
3 0.42552083333333335 0.4425925925925926 0.0125 0.07592592592592592
5 0.46458333333333335 0.4277777777777778 0.014583333333333334 0.07962962962962963
4 0.42942708333333335 0.39861111111111114 0.013020833333333334 0.04166666666666667
0 0.40130208333333334 0.5745370370370371 0.009895833333333333 0.03425925925925926
0 0.44296874999999997 0.5222222222222223 0.008854166666666666 0.031481481481481485
0 0.4786458333333333 0.47824074074074074 0.008333333333333333 0.028703703703703703
0 0.49765624999999997 0.43703703703703706 0.0078125 0.02592592592592593
0 0.49765624999999997 0.4 0.0078125 0.02592592592592593
0 0.49947916666666664 0.36712962962962964 0.007291666666666667 0.02314814814814815
0 0.5002604166666667 0.337037037037037 0.0067708333333333336 0.022222222222222223
0 0.50078125 0.3106481481481482 0.0067708333333333336 0.021296296296296296
0 0.50234375 0.2865740740740741 0.0067708333333333336 0.021296296296296296
0 0.5028645833333333 0.26481481481481484 0.0067708333333333336 0.020370370370370372
7 0.5328125 0.15324074074074073 0.030208333333333334 0.05277777777777778
