3 0.384375 0.3226851851851852 0.013541666666666667 0.0638888888888889
3 0.4630208333333333 0.28703703703703703 0.013541666666666667 0.061111111111111116
4 0.44479166666666664 0.28564814814814815 0.0125 0.062037037037037036
6 0.4786458333333333 0.26712962962962966 0.0125 0.06018518518518519
7 0.515625 0.10648148148148148 0.025 0.040740740740740744
0 0.428125 0.37222222222222223 0.009375 0.02592592592592593
0 0.45625 0.34351851851851856 0.00625 0.020370370370370372
0 0.4817708333333333 0.31851851851851853 0.007291666666666667 0.022222222222222223
0 0.4942708333333333 0.29444444444444445 0.00625 0.022222222222222223
0 0.49374999999999997 0.27361111111111114 0.00625 0.021296296296296296
0 0.49374999999999997 0.2537037037037037 0.007291666666666667 0.020370370370370372
0 0.49374999999999997 0.23703703703703705 0.00625 0.016666666666666666
0 0.4934895833333333 0.2199074074074074 0.005729166666666666 0.017592592592592594
0 0.49374999999999997 0.20416666666666666 0.00625 0.019444444444444445
0 0.4934895833333333 0.18796296296296297 0.0067708333333333336 0.022222222222222223
