3 0.3609375 0.40972222222222227 0.01875 0.075
0 0.4127604166666667 0.47175925925925927 0.011979166666666666 0.030555555555555558
0 0.4466145833333333 0.4324074074074074 0.009895833333333333 0.031481481481481485
0 0.4752604166666667 0.39861111111111114 0.0078125 0.030555555555555558
0 0.4908854166666667 0.3675925925925926 0.0109375 0.02592592592592593
0 0.4895833333333333 0.33935185185185185 0.007291666666666667 0.025
0 0.4908854166666667 0.3138888888888889 0.0078125 0.024074074074074074
0 0.4903645833333333 0.2888888888888889 0.0078125 0.024074074074074074
0 0.4895833333333333 0.26805555555555555 0.007291666666666667 0.02314814814814815
6 0.47604166666666664 0.31574074074074077 0.011458333333333333 0.06666666666666667
3 0.45651041666666664 0.3675925925925926 0.0140625 0.07037037037037037
4 0.4302083333333333 0.34305555555555556 0.010416666666666666 0.06759259259259259
