0 0.4973958333333333 0.2138888888888889 0.008333333333333333 0.022222222222222223
0 0.4942708333333333 0.31851851851851853 0.007291666666666667 0.024074074074074074
0 0.47994791666666664 0.37453703703703706 0.013020833333333334 0.026851851851851852
0 0.45208333333333334 0.40740740740740744 0.009375 0.02962962962962963
0 0.41875 0.44351851851851853 0.009375 0.03333333333333333
2 0.48515625 0.23657407407407408 0.01614583333333333 0.01388888888888889
2 0.49609375 0.25416666666666665 0.0109375 0.012037037037037037
2 0.4888020833333333 0.27592592592592596 0.01614583333333333 0.011111111111111112
2 0.49322916666666666 0.29814814814814816 0.009375 0.016666666666666666
2 0.5005208333333333 0.35000000000000003 0.014583333333333334 0.014814814814814815
7 0.5223958333333333 0.125 0.028125 0.05
6 0.3651041666666667 0.36064814814814816 0.017708333333333333 0.06944444444444445
3 0.3854166666666667 0.3712962962962963 0.0125 0.06851851851851852
