7 0.5216145833333333 0.12314814814814816 0.027604166666666666 0.04814814814814815
6 0.3671875 0.35555555555555557 0.0125 0.06666666666666667
3 0.3841145833333333 0.3703703703703704 0.013020833333333334 0.06851851851851852
0 0.49635416666666665 0.21574074074074076 0.005208333333333333 0.024074074074074074
0 0.4942708333333333 0.3175925925925926 0.00625 0.024074074074074074
0 0.48072916666666665 0.375 0.007291666666666667 0.02592592592592593
0 0.4510416666666667 0.40555555555555556 0.011458333333333333 0.031481481481481485
0 0.41875 0.4430555555555556 0.009375 0.032407407407407406
2 0.48541666666666666 0.23611111111111113 0.0125 0.014814814814814815
2 0.49557291666666664 0.25462962962962965 0.0078125 0.014814814814814815
2 0.48802083333333335 0.274537037037037 0.014583333333333334 0.010185185185185186
2 0.49192708333333335 0.2986111111111111 0.008854166666666666 0.01388888888888889
2 0.49921875 0.35000000000000003 0.01614583333333333 0.012962962962962964
