0 0.43776041666666665 0.2777777777777778 0.0046875 0.018518518518518517
0 0.4609375 0.2569444444444445 0.004166666666666667 0.017592592592592594
0 0.4822916666666667 0.24212962962962964 0.004166666666666667 0.017592592592592594
0 0.4940104166666667 0.2240740740740741 0.0036458333333333334 0.016666666666666666
0 0.49296875 0.20787037037037037 0.0036458333333333334 0.01388888888888889
0 0.4927083333333333 0.19444444444444445 0.004166666666666667 0.012962962962962964
0 0.49296875 0.17962962962962964 0.0036458333333333334 0.014814814814814815
0 0.4927083333333333 0.16620370370370371 0.003125 0.012037037037037037
0 0.49296875 0.1537037037037037 0.0036458333333333334 0.011111111111111112
0 0.4927083333333333 0.14166666666666666 0.004166666666666667 0.012962962962962964
3 0.4635416666666667 0.22037037037037038 0.007291666666666667 0.05555555555555556
3 0.4010416666666667 0.23842592592592593 0.010416666666666666 0.05462962962962963
6 0.4765625 0.2064814814814815 0.009375 0.05
7 0.51328125 0.07685185185185185 0.024479166666666666 0.03888888888888889
