3 0.30572916666666666 0.5439814814814815 0.020833333333333332 0.08611111111111111
3 0.42213541666666665 0.4518518518518519 0.0140625 0.07962962962962963
5 0.4674479166666667 0.42824074074074076 0.015104166666666667 0.0787037037037037
4 0.4354166666666667 0.41435185185185186 0.015625 0.075
0 0.39947916666666666 0.5916666666666667 0.009375 0.03333333333333333
0 0.44166666666666665 0.5361111111111111 0.009375 0.03333333333333333
0 0.4783854166666667 0.48888888888888893 0.008854166666666666 0.03333333333333333
0 0.49765624999999997 0.4476851851851852 0.0078125 0.026851851851851852
0 0.4973958333333333 0.4101851851851852 0.007291666666666667 0.02592592592592593
0 0.5 0.375462962962963 0.007291666666666667 0.025
0 0.5002604166666667 0.34490740740740744 0.0067708333333333336 0.021296296296296296
0 0.50078125 0.3180555555555556 0.0067708333333333336 0.021296296296296296
0 0.5026041666666666 0.29305555555555557 0.007291666666666667 0.019444444444444445
0 0.503125 0.27083333333333337 0.00625 0.021296296296296296
7 0.5330729166666667 0.1550925925925926 0.0296875 0.049074074074074076
