0 0.43854166666666666 0.2726851851851852 0.004166666666666667 0.015740740740740743
0 0.4614583333333333 0.2564814814814815 0.005208333333333333 0.016666666666666666
0 0.4828125 0.23564814814814816 0.004166666666666667 0.015740740740740743
0 0.4940104166666667 0.2189814814814815 0.0046875 0.017592592592592594
0 0.4927083333333333 0.20555555555555557 0.004166666666666667 0.016666666666666666
0 0.49322916666666666 0.1912037037037037 0.004166666666666667 0.01388888888888889
0 0.4934895833333333 0.17731481481481481 0.0036458333333333334 0.01388888888888889
0 0.4927083333333333 0.16435185185185186 0.004166666666666667 0.012037037037037037
0 0.4934895833333333 0.15231481481481482 0.0036458333333333334 0.012037037037037037
0 0.49322916666666666 0.13842592592592592 0.004166666666666667 0.015740740740740743
3 0.46328125 0.21666666666666667 0.011979166666666666 0.05555555555555556
3 0.40208333333333335 0.2351851851851852 0.011458333333333333 0.05555555555555556
6 0.4770833333333333 0.19861111111111113 0.011458333333333333 0.05648148148148149
7 0.5140625 0.07407407407407407 0.022916666666666665 0.04259259259259259
