7 0.5369791666666667 0.2740740740740741 0.0375 0.07407407407407407
0 0.5005208333333333 0.45925925925925926 0.008333333333333333 0.02962962962962963
0 0.49557291666666664 0.7337962962962963 0.0109375 0.036111111111111115
0 0.46588541666666666 0.9236111111111112 0.0140625 0.049074074074074076
2 0.5036458333333333 0.8268518518518518 0.02395833333333333 0.022222222222222223
2 0.49296875 0.6731481481481482 0.009895833333333333 0.02592592592592593
2 0.4848958333333333 0.6064814814814815 0.019791666666666666 0.018518518518518517
2 0.49765624999999997 0.5481481481481482 0.0078125 0.016666666666666666
2 0.48333333333333334 0.5032407407407408 0.014583333333333334 0.01388888888888889
6 0.24036458333333333 0.913888888888889 0.022395833333333334 0.12037037037037038
3 0.26067708333333334 0.9412037037037038 0.0171875 0.11388888888888889
3 0.2765625 0.9486111111111112 0.0125 0.10092592592592593
