0 0.49557291666666664 0.4027777777777778 0.0046875 0.02592592592592593
0 0.4 0.575925925925926 0.00625 0.031481481481481485
0 0.49635416666666665 0.4365740740740741 0.007291666666666667 0.025
0 0.47734375 0.47870370370370374 0.0067708333333333336 0.02592592592592593
0 0.44140625 0.5231481481481481 0.0078125 0.02777777777777778
0 0.4984375 0.36712962962962964 0.00625 0.021296296296296296
0 0.49895833333333334 0.33796296296296297 0.00625 0.020370370370370372
0 0.49921875 0.31157407407407406 0.005729166666666666 0.021296296296296296
0 0.5010416666666666 0.287962962962963 0.005208333333333333 0.018518518518518517
0 0.5020833333333333 0.26666666666666666 0.005208333333333333 0.018518518518518517
5 0.46432291666666664 0.4305555555555556 0.013020833333333334 0.07777777777777778
3 0.30833333333333335 0.5310185185185186 0.01875 0.08425925925925926
4 0.4203125 0.40092592592592596 0.007291666666666667 0.03333333333333333
3 0.4239583333333333 0.4449074074074074 0.010416666666666666 0.07685185185185185
7 0.53125 0.15416666666666667 0.028125 0.049074074074074076
