3 0.30859375 0.5277777777777778 0.019270833333333334 0.08703703703703704
3 0.425 0.4425925925925926 0.013541666666666667 0.07592592592592592
4 0.4239583333333333 0.39583333333333337 0.009375 0.03425925925925926
5 0.46380208333333334 0.4287037037037037 0.01614583333333333 0.07962962962962963
0 0.4010416666666667 0.5740740740740741 0.009375 0.03333333333333333
0 0.4427083333333333 0.5222222222222223 0.009375 0.02962962962962963
0 0.4783854166666667 0.47824074074074074 0.008854166666666666 0.028703703703703703
0 0.49765624999999997 0.4361111111111111 0.0078125 0.024074074074074074
0 0.49765624999999997 0.40046296296296297 0.0078125 0.025
0 0.49895833333333334 0.3662037037037037 0.008333333333333333 0.02314814814814815
0 0.5 0.337037037037037 0.007291666666666667 0.022222222222222223
0 0.5002604166666667 0.3106481481481482 0.0067708333333333336 0.02314814814814815
0 0.5018229166666667 0.2851851851851852 0.005729166666666666 0.020370370370370372
0 0.50234375 0.26481481481481484 0.005729166666666666 0.018518518518518517
7 0.5328125 0.15231481481481482 0.030208333333333334 0.05092592592592593
