3 0.3541666666666667 0.4569444444444445 0.016666666666666666 0.08240740740740742
0 0.40781249999999997 0.5273148148148148 0.011458333333333333 0.036111111111111115
0 0.44479166666666664 0.48194444444444445 0.009375 0.032407407407407406
0 0.4765625 0.4439814814814815 0.010416666666666666 0.030555555555555558
0 0.4921875 0.4064814814814815 0.008333333333333333 0.02777777777777778
0 0.4908854166666667 0.37453703703703706 0.0078125 0.028703703703703703
0 0.49166666666666664 0.3439814814814815 0.007291666666666667 0.026851851851851852
0 0.4908854166666667 0.3189814814814815 0.0078125 0.025
0 0.4903645833333333 0.2939814814814815 0.0078125 0.02314814814814815
0 0.49166666666666664 0.2726851851851852 0.008333333333333333 0.02314814814814815
0 0.4908854166666667 0.25324074074074077 0.0078125 0.021296296296296296
7 0.5166666666666666 0.15046296296296297 0.03125 0.05277777777777778
6 0.4765625 0.34120370370370373 0.013541666666666667 0.06944444444444445
3 0.45078124999999997 0.4041666666666667 0.015104166666666667 0.075
4 0.43645833333333334 0.3768518518518519 0.011458333333333333 0.07407407407407407
