7 0.5252604166666667 0.14537037037037037 0.0328125 0.05555555555555556
6 0.3453125 0.42962962962962964 0.019791666666666666 0.07777777777777778
3 0.3606770833333333 0.4412037037037037 0.013020833333333334 0.08055555555555556
0 0.496875 0.25092592592592594 0.009375 0.02592592592592593
0 0.4953125 0.37592592592592594 0.010416666666666666 0.02592592592592593
0 0.47760416666666666 0.4449074074074074 0.013541666666666667 0.032407407407407406
0 0.4453125 0.4847222222222222 0.013541666666666667 0.030555555555555558
0 0.40859375 0.5319444444444444 0.011979166666666666 0.036111111111111115
2 0.48593749999999997 0.274537037037037 0.014583333333333334 0.01388888888888889
2 0.4966145833333333 0.2962962962962963 0.008854166666666666 0.012962962962962964
2 0.4869791666666667 0.32222222222222224 0.014583333333333334 0.016666666666666666
2 0.49296875 0.35000000000000003 0.011979166666666666 0.018518518518518517
2 0.5005208333333333 0.4138888888888889 0.017708333333333333 0.018518518518518517
