7 0.5359375 0.2555555555555556 0.03958333333333333 0.06851851851851852
0 0.49765624999999997 0.44351851851851853 0.008854166666666666 0.02777777777777778
0 0.49609375 0.4828703703703704 0.009895833333333333 0.030555555555555558
0 0.49322916666666666 0.5314814814814816 0.009375 0.02962962962962963
0 0.49192708333333335 0.5842592592592593 0.0109375 0.03333333333333333
0 0.49140625 0.6476851851851853 0.011979166666666666 0.03425925925925926
0 0.4875 0.7240740740740741 0.0125 0.04259259259259259
0 0.48593749999999997 0.812962962962963 0.013541666666666667 0.044444444444444446
3 0.39947916666666666 0.7800925925925927 0.019791666666666666 0.11574074074074074
4 0.3927083333333333 0.675 0.021875 0.08518518518518518
5 0.45416666666666666 0.6990740740740741 0.01875 0.11296296296296297
0 0.45468749999999997 0.9212962962962963 0.016666666666666666 0.05555555555555556
