3 0.35234375 0.46944444444444444 0.018229166666666668 0.08148148148148149
0 0.40729166666666666 0.5425925925925926 0.0125 0.037037037037037035
0 0.44479166666666664 0.4930555555555556 0.0125 0.036111111111111115
0 0.4765625 0.45462962962962966 0.010416666666666666 0.03333333333333333
0 0.4927083333333333 0.4185185185185185 0.010416666666666666 0.02777777777777778
0 0.4908854166666667 0.3837962962962963 0.0078125 0.026851851851851852
0 0.4921875 0.35370370370370374 0.008333333333333333 0.02592592592592593
0 0.49140625 0.3263888888888889 0.009895833333333333 0.025
0 0.49114583333333334 0.30324074074074076 0.009375 0.02314814814814815
1 0.4921875 0.27037037037037037 0.008333333333333333 0.040740740740740744
6 0.4752604166666667 0.3472222222222222 0.0140625 0.07222222222222223
3 0.44895833333333335 0.4152777777777778 0.014583333333333334 0.0787037037037037
4 0.43333333333333335 0.38472222222222224 0.015625 0.07314814814814816
7 0.5171875 0.1564814814814815 0.030208333333333334 0.05555555555555556
