3 0.375 0.3592592592592593 0.0125 0.06666666666666667
7 0.5161458333333333 0.11805555555555557 0.025 0.04351851851851852
0 0.4223958333333333 0.4134259259259259 0.008333333333333333 0.026851851851851852
0 0.45260416666666664 0.3814814814814815 0.009375 0.02592592592592593
0 0.4796875 0.3527777777777778 0.008333333333333333 0.024074074074074074
4 0.440625 0.3074074074074074 0.010416666666666666 0.061111111111111116
6 0.48020833333333335 0.28750000000000003 0.009375 0.06018518518518519
3 0.46249999999999997 0.32175925925925924 0.011458333333333333 0.06574074074074074
0 0.49322916666666666 0.325 0.007291666666666667 0.024074074074074074
0 0.49244791666666665 0.3 0.0067708333333333336 0.022222222222222223
0 0.4927083333333333 0.2777777777777778 0.007291666666666667 0.022222222222222223
0 0.4927083333333333 0.2574074074074074 0.007291666666666667 0.022222222222222223
0 0.49244791666666665 0.2388888888888889 0.0067708333333333336 0.020370370370370372
0 0.49244791666666665 0.22268518518518518 0.0067708333333333336 0.017592592592592594
0 0.49244791666666665 0.2064814814814815 0.0067708333333333336 0.020370370370370372
