3 0.26588541666666665 0.9314814814814815 0.0484375 0.13148148148148148
3 0.4421875 0.7694444444444445 0.036458333333333336 0.13518518518518519
4 0.4328125 0.6439814814814815 0.02395833333333333 0.10833333333333334
6 0.4765625 0.5564814814814815 0.02395833333333333 0.11666666666666667
0 0.42916666666666664 0.9703703703703704 0.026041666666666668 0.05555555555555556
0 0.4809895833333333 0.862037037037037 0.024479166666666666 0.05555555555555556
0 0.5059895833333333 0.7652777777777778 0.0140625 0.049074074074074076
0 0.5015625 0.6851851851851852 0.010416666666666666 0.05
0 0.5026041666666666 0.6171296296296297 0.015625 0.03796296296296296
0 0.50078125 0.5601851851851852 0.011979166666666666 0.03888888888888889
0 0.4984375 0.5120370370370371 0.0125 0.03333333333333333
0 0.49973958333333335 0.46990740740740744 0.013020833333333334 0.032407407407407406
0 0.4984375 0.425462962962963 0.016666666666666666 0.028703703703703703
7 0.5296875 0.2513888888888889 0.042708333333333334 0.08425925925925926
