3 0.38385416666666666 0.3287037037037037 0.013541666666666667 0.06296296296296297
3 0.4653645833333333 0.2916666666666667 0.011979166666666666 0.061111111111111116
4 0.44453125 0.2888888888888889 0.011979166666666666 0.05925925925925926
6 0.47942708333333334 0.27083333333333337 0.009895833333333333 0.058333333333333334
0 0.4276041666666667 0.3787037037037037 0.007291666666666667 0.02592592592592593
0 0.45598958333333334 0.35000000000000003 0.008854166666666666 0.024074074074074074
0 0.48125 0.32407407407407407 0.007291666666666667 0.02592592592592593
0 0.49374999999999997 0.1912037037037037 0.005208333333333333 0.017592592592592594
0 0.4942708333333333 0.29953703703703705 0.007291666666666667 0.019444444444444445
0 0.49322916666666666 0.27824074074074073 0.00625 0.02314814814814815
0 0.4940104166666667 0.2564814814814815 0.005729166666666666 0.018518518518518517
0 0.49296875 0.23981481481481481 0.0046875 0.018518518518518517
0 0.49296875 0.22268518518518518 0.005729166666666666 0.017592592592592594
0 0.4934895833333333 0.20740740740740743 0.0067708333333333336 0.018518518518518517
7 0.515625 0.11018518518518519 0.027083333333333334 0.0462962962962963
