3 0.27421875 0.8532407407407407 0.027604166666666666 0.125
3 0.4348958333333333 0.7143518518518519 0.025 0.11944444444444445
4 0.43203125 0.600462962962963 0.024479166666666666 0.09722222222222222
6 0.4752604166666667 0.5217592592592593 0.01614583333333333 0.10092592592592593
7 0.52421875 0.2351851851851852 0.04010416666666666 0.07592592592592592
0 0.4927083333333333 0.39490740740740743 0.010416666666666666 0.036111111111111115
0 0.4947916666666667 0.4351851851851852 0.005208333333333333 0.024074074074074074
0 0.49166666666666664 0.4740740740740741 0.014583333333333334 0.03888888888888889
0 0.4927083333333333 0.5199074074074074 0.008333333333333333 0.03796296296296296
0 0.4940104166666667 0.5708333333333333 0.0078125 0.03981481481481482
0 0.49166666666666664 0.6361111111111112 0.010416666666666666 0.04814814814814815
0 0.49765624999999997 0.7023148148148148 0.011979166666666666 0.05648148148148149
0 0.4734375 0.7916666666666667 0.017708333333333333 0.04814814814814815
0 0.42161458333333335 0.8851851851851852 0.0171875 0.05555555555555556
