7 0.5205729166666666 0.12222222222222223 0.028645833333333332 0.04814814814814815
6 0.35651041666666666 0.36435185185185187 0.0203125 0.075
3 0.37213541666666666 0.3763888888888889 0.011979166666666666 0.075
0 0.4953125 0.2175925925925926 0.008333333333333333 0.024074074074074074
0 0.49322916666666666 0.3231481481481482 0.010416666666666666 0.02592592592592593
0 0.47890625 0.38333333333333336 0.009895833333333333 0.02962962962962963
0 0.44817708333333334 0.41481481481481486 0.0109375 0.02777777777777778
0 0.41562499999999997 0.4518518518518519 0.011458333333333333 0.03333333333333333
2 0.48411458333333335 0.23842592592592593 0.0140625 0.01388888888888889
2 0.49374999999999997 0.2569444444444445 0.008333333333333333 0.01388888888888889
2 0.4856770833333333 0.2796296296296296 0.0140625 0.014814814814814815
2 0.49140625 0.3027777777777778 0.008854166666666666 0.014814814814814815
2 0.49895833333333334 0.3560185185185185 0.016666666666666666 0.017592592592592594
