7 0.5296875 0.18425925925925926 0.03229166666666666 0.05925925925925926
0 0.4984375 0.3101851851851852 0.00625 0.022222222222222223
0 0.49557291666666664 0.46990740740740744 0.0067708333333333336 0.028703703703703703
0 0.4770833333333333 0.5643518518518519 0.008333333333333333 0.03425925925925926
0 0.43671875 0.6189814814814815 0.009895833333333333 0.03425925925925926
0 0.39010416666666664 0.688425925925926 0.010416666666666666 0.03981481481481482
2 0.4848958333333333 0.3388888888888889 0.011458333333333333 0.012962962962962964
2 0.496875 0.36712962962962964 0.00625 0.012037037037037037
2 0.4869791666666667 0.40046296296296297 0.016666666666666666 0.01388888888888889
2 0.49296875 0.43703703703703706 0.0078125 0.018518518518518517
2 0.5020833333333333 0.5185185185185185 0.01875 0.020370370370370372
6 0.32447916666666665 0.5486111111111112 0.015625 0.08611111111111111
3 0.3377604166666667 0.5680555555555555 0.009895833333333333 0.09537037037037037
3 0.34739583333333335 0.5731481481481482 0.009375 0.09074074074074075
