3 0.4510416666666667 0.8814814814814815 0.028125 0.13703703703703704
4 0.42135416666666664 0.725 0.025 0.12037037037037038
6 0.48828125 0.6129629629629629 0.024479166666666666 0.10555555555555556
0 0.5221354166666666 0.8722222222222222 0.0171875 0.05
7 0.5315104166666667 0.2726851851851852 0.034895833333333334 0.08611111111111111
0 0.5065104166666666 0.46990740740740744 0.008854166666666666 0.03981481481481482
0 0.5088541666666666 0.5166666666666667 0.014583333333333334 0.03518518518518519
0 0.50859375 0.5675925925925926 0.013020833333333334 0.03888888888888889
0 0.51015625 0.625 0.011979166666666666 0.040740740740740744
0 0.5151041666666667 0.6944444444444444 0.020833333333333332 0.044444444444444446
0 0.51796875 0.7787037037037038 0.013020833333333334 0.04259259259259259
