3 0.38697916666666665 0.312962962962963 0.014583333333333334 0.06296296296296297
3 0.4609375 0.2777777777777778 0.011458333333333333 0.061111111111111116
4 0.4453125 0.2777777777777778 0.010416666666666666 0.05925925925925926
6 0.47812499999999997 0.2601851851851852 0.013541666666666667 0.05740740740740741
0 0.42994791666666665 0.3601851851851852 0.0067708333333333336 0.024074074074074074
0 0.4575520833333333 0.33240740740740743 0.0078125 0.02592592592592593
0 0.4817708333333333 0.30972222222222223 0.008333333333333333 0.02314814814814815
0 0.4942708333333333 0.2847222222222222 0.00625 0.02314814814814815
0 0.49322916666666666 0.2657407407407408 0.00625 0.022222222222222223
0 0.4942708333333333 0.24583333333333335 0.005208333333333333 0.019444444444444445
0 0.4942708333333333 0.22731481481481483 0.00625 0.021296296296296296
0 0.49374999999999997 0.21296296296296297 0.005208333333333333 0.018518518518518517
0 0.4934895833333333 0.19814814814814816 0.005729166666666666 0.018518518518518517
0 0.4934895833333333 0.1814814814814815 0.005729166666666666 0.020370370370370372
7 0.515625 0.10231481481481482 0.026041666666666668 0.04351851851851852
