0 0.43854166666666666 0.27361111111111114 0.004166666666666667 0.019444444444444445
0 0.4622395833333333 0.2555555555555556 0.005729166666666666 0.018518518518518517
0 0.4828125 0.23703703703703705 0.004166666666666667 0.018518518518518517
0 0.4940104166666667 0.21944444444444444 0.0046875 0.014814814814814815
0 0.4927083333333333 0.2050925925925926 0.004166666666666667 0.015740740740740743
0 0.4940104166666667 0.18842592592592594 0.0036458333333333334 0.015740740740740743
0 0.49322916666666666 0.17314814814814816 0.003125 0.011111111111111112
0 0.4927083333333333 0.1625 0.004166666666666667 0.010185185185185186
0 0.49322916666666666 0.1486111111111111 0.004166666666666667 0.010185185185185186
0 0.49322916666666666 0.13796296296296298 0.004166666666666667 0.011111111111111112
3 0.4640625 0.21712962962962964 0.010416666666666666 0.058333333333333334
3 0.4002604166666667 0.2337962962962963 0.0140625 0.058333333333333334
6 0.4770833333333333 0.19768518518518519 0.010416666666666666 0.05648148148148149
7 0.5140625 0.07407407407407407 0.02395833333333333 0.04259259259259259
