3 0.45208333333333334 0.8199074074074074 0.035416666666666666 0.1398148148148148
4 0.42473958333333334 0.6833333333333333 0.0265625 0.11666666666666667
6 0.48463541666666665 0.5805555555555556 0.0234375 0.11296296296296297
0 0.48776041666666664 0.9226851851851853 0.018229166666666668 0.058333333333333334
0 0.5114583333333333 0.8185185185185185 0.022916666666666665 0.05555555555555556
0 0.5083333333333333 0.7296296296296296 0.0125 0.05
0 0.5078125 0.6513888888888889 0.014583333333333334 0.049074074074074076
0 0.5057291666666667 0.587962962962963 0.010416666666666666 0.03888888888888889
0 0.5052083333333334 0.5356481481481482 0.010416666666666666 0.036111111111111115
0 0.5041666666666667 0.49259259259259264 0.014583333333333334 0.040740740740740744
0 0.5028645833333333 0.44583333333333336 0.0203125 0.03981481481481482
7 0.5296875 0.2606481481481482 0.05 0.08981481481481482
