0 0.4359375 0.3055555555555556 0.007291666666666667 0.022222222222222223
0 0.4609375 0.28240740740740744 0.005208333333333333 0.020370370370370372
0 0.4828125 0.26342592592592595 0.00625 0.019444444444444445
0 0.4953125 0.2439814814814815 0.004166666666666667 0.017592592592592594
0 0.4940104166666667 0.22685185185185186 0.0046875 0.016666666666666666
0 0.4940104166666667 0.20833333333333334 0.0026041666666666665 0.011111111111111112
0 0.4940104166666667 0.1953703703703704 0.0036458333333333334 0.011111111111111112
0 0.4940104166666667 0.18194444444444446 0.0046875 0.012037037037037037
0 0.49322916666666666 0.16944444444444445 0.004166666666666667 0.012962962962962964
0 0.4947916666666667 0.1564814814814815 0.004166666666666667 0.014814814814814815
3 0.4640625 0.24166666666666667 0.009375 0.05740740740740741
3 0.3963541666666667 0.26435185185185184 0.015625 0.058333333333333334
6 0.47760416666666666 0.22222222222222224 0.011458333333333333 0.05740740740740741
7 0.5158854166666667 0.08564814814814815 0.025520833333333333 0.04351851851851852
