3 0.309375 0.5287037037037037 0.019791666666666666 0.08518518518518518
0 0.4010416666666667 0.5745370370370371 0.009375 0.032407407407407406
0 0.4427083333333333 0.5208333333333334 0.009375 0.030555555555555558
0 0.4786458333333333 0.47685185185185186 0.008333333333333333 0.02962962962962963
0 0.49765624999999997 0.4356481481481482 0.008854166666666666 0.026851851851851852
0 0.4973958333333333 0.3990740740740741 0.008333333333333333 0.02592592592592593
0 0.49947916666666664 0.3662037037037037 0.007291666666666667 0.02314814814814815
0 0.5 0.33611111111111114 0.007291666666666667 0.022222222222222223
0 0.5005208333333333 0.3101851851851852 0.007291666666666667 0.022222222222222223
0 0.5020833333333333 0.28611111111111115 0.00625 0.020370370370370372
0 0.5028645833333333 0.26435185185185184 0.0067708333333333336 0.021296296296296296
5 0.46432291666666664 0.4277777777777778 0.01614583333333333 0.07777777777777778
3 0.425 0.44212962962962965 0.0125 0.07685185185185185
4 0.4270833333333333 0.39814814814814814 0.011458333333333333 0.040740740740740744
7 0.5325520833333334 0.15185185185185185 0.030729166666666665 0.05
