0 0.3997395833333333 0.575925925925926 0.0067708333333333336 0.03333333333333333
0 0.44114583333333335 0.5231481481481481 0.008333333333333333 0.02777777777777778
0 0.4770833333333333 0.4791666666666667 0.007291666666666667 0.025
0 0.4966145833333333 0.4375 0.0067708333333333336 0.025
0 0.49609375 0.40092592592592596 0.0067708333333333336 0.024074074074074074
0 0.4984375 0.36712962962962964 0.00625 0.02314814814814815
0 0.49895833333333334 0.3388888888888889 0.00625 0.020370370370370372
0 0.49895833333333334 0.31203703703703706 0.005208333333333333 0.020370370370370372
0 0.5010416666666666 0.287962962962963 0.005208333333333333 0.018518518518518517
0 0.5020833333333333 0.2675925925925926 0.005208333333333333 0.018518518518518517
5 0.46458333333333335 0.42962962962962964 0.0125 0.07777777777777778
4 0.4205729166666667 0.40231481481481485 0.0078125 0.032407407407407406
3 0.4239583333333333 0.4449074074074074 0.011458333333333333 0.075
3 0.30755208333333334 0.5305555555555556 0.018229166666666668 0.08703703703703704
7 0.5317708333333333 0.15601851851851853 0.03125 0.05277777777777778
