7 0.5354166666666667 0.225 0.03958333333333333 0.06666666666666667
0 0.49947916666666664 0.39212962962962966 0.010416666666666666 0.026851851851851852
0 0.49765624999999997 0.42962962962962964 0.0078125 0.02962962962962963
0 0.49583333333333335 0.46620370370370373 0.007291666666666667 0.030555555555555558
0 0.4947916666666667 0.5111111111111112 0.010416666666666666 0.031481481481481485
0 0.4942708333333333 0.5643518518518519 0.009375 0.032407407407407406
0 0.4903645833333333 0.6236111111111111 0.0109375 0.032407407407407406
0 0.4901041666666667 0.6921296296296297 0.011458333333333333 0.04166666666666667
0 0.46328125 0.775 0.0140625 0.0462962962962963
0 0.40911458333333334 0.8703703703703703 0.018229166666666668 0.0462962962962963
0 0.3380208333333333 0.9805555555555556 0.0125 0.03518518518518519
3 0.20182291666666666 0.912962962962963 0.030729166666666665 0.12962962962962962
3 0.4083333333333333 0.675 0.019791666666666666 0.10925925925925926
4 0.4083333333333333 0.5800925925925926 0.020833333333333332 0.05462962962962963
5 0.46067708333333335 0.6074074074074074 0.0234375 0.10370370370370371
