7 0.525 0.13657407407407407 0.03229166666666666 0.05648148148148149
6 0.35494791666666664 0.4013888888888889 0.0140625 0.08055555555555556
3 0.37421875 0.41620370370370374 0.011979166666666666 0.075
0 0.4966145833333333 0.23703703703703705 0.0078125 0.022222222222222223
0 0.4947916666666667 0.35324074074074074 0.008333333333333333 0.026851851851851852
0 0.4786458333333333 0.4199074074074074 0.011458333333333333 0.028703703703703703
0 0.4473958333333333 0.45462962962962966 0.010416666666666666 0.031481481481481485
0 0.41041666666666665 0.4990740740740741 0.010416666666666666 0.031481481481481485
2 0.48411458333333335 0.25972222222222224 0.013020833333333334 0.015740740740740743
2 0.4953125 0.2800925925925926 0.008333333333333333 0.015740740740740743
2 0.4869791666666667 0.3041666666666667 0.014583333333333334 0.015740740740740743
2 0.49166666666666664 0.3314814814814815 0.008333333333333333 0.018518518518518517
2 0.5002604166666667 0.3893518518518519 0.01614583333333333 0.017592592592592594
