4 0.4265625 0.7967592592592593 0.019791666666666666 0.13425925925925927
6 0.4984375 0.6722222222222223 0.02395833333333333 0.12037037037037038
7 0.5453125 0.28750000000000003 0.04375 0.08425925925925926
0 0.53515625 0.9722222222222222 0.021354166666666667 0.05185185185185186
0 0.5252604166666667 0.8601851851851852 0.0171875 0.05555555555555556
0 0.5239583333333333 0.7625000000000001 0.013541666666666667 0.04166666666666667
0 0.5197916666666667 0.6856481481481482 0.010416666666666666 0.04351851851851852
0 0.5158854166666667 0.6175925925925926 0.0140625 0.044444444444444446
0 0.5177083333333333 0.562962962962963 0.017708333333333333 0.044444444444444446
0 0.5140625 0.5092592592592593 0.010416666666666666 0.040740740740740744
