0 0.4359375 0.30694444444444446 0.004166666666666667 0.021296296296296296
0 0.4614583333333333 0.28425925925925927 0.005208333333333333 0.016666666666666666
0 0.48333333333333334 0.2638888888888889 0.004166666666666667 0.018518518518518517
0 0.4953125 0.24444444444444446 0.004166666666666667 0.016666666666666666
0 0.4940104166666667 0.22870370370370371 0.0046875 0.016666666666666666
0 0.4940104166666667 0.21342592592592594 0.0046875 0.015740740740740743
0 0.4947916666666667 0.19583333333333333 0.003125 0.012037037037037037
0 0.4934895833333333 0.18287037037037038 0.0036458333333333334 0.012037037037037037
0 0.4940104166666667 0.16944444444444445 0.0036458333333333334 0.012962962962962964
0 0.4947916666666667 0.15694444444444444 0.00625 0.015740740740740743
3 0.4640625 0.24444444444444446 0.010416666666666666 0.05740740740740741
3 0.3971354166666667 0.2652777777777778 0.011979166666666666 0.05648148148148149
6 0.4765625 0.22268518518518518 0.0125 0.058333333333333334
7 0.5153645833333333 0.08703703703703704 0.0234375 0.04259259259259259
4 0.44479166666666664 0.24027777777777778 0.014583333333333334 0.05648148148148149
