3 0.3015625 0.5550925925925926 0.019791666666666666 0.08796296296296297
3 0.42083333333333334 0.46064814814814814 0.014583333333333334 0.08055555555555556
5 0.46901041666666665 0.4310185185185185 0.015104166666666667 0.0787037037037037
4 0.43072916666666666 0.4203703703703704 0.014583333333333334 0.07407407407407407
0 0.39739583333333334 0.6027777777777777 0.009375 0.03333333333333333
0 0.44036458333333334 0.5458333333333334 0.009895833333333333 0.032407407407407406
0 0.47760416666666666 0.4981481481481482 0.009375 0.031481481481481485
0 0.496875 0.45555555555555555 0.009375 0.02777777777777778
0 0.49713541666666666 0.4166666666666667 0.0078125 0.024074074074074074
0 0.49921875 0.38101851851851853 0.0078125 0.025
0 0.5 0.3509259259259259 0.007291666666666667 0.022222222222222223
0 0.5005208333333333 0.32222222222222224 0.007291666666666667 0.022222222222222223
0 0.50234375 0.2976851851851852 0.0067708333333333336 0.021296296296296296
0 0.5028645833333333 0.2740740740740741 0.0067708333333333336 0.022222222222222223
7 0.5333333333333333 0.15833333333333333 0.030208333333333334 0.05
