3 0.33046875 0.6101851851851852 0.013020833333333334 0.0962962962962963
3 0.3416666666666667 0.6134259259259259 0.009375 0.09166666666666667
6 0.31276041666666665 0.5888888888888889 0.021354166666666667 0.0925925925925926
0 0.38567708333333334 0.7398148148148148 0.0109375 0.040740740740740744
0 0.43463541666666666 0.663425925925926 0.011979166666666666 0.04166666666666667
0 0.47604166666666664 0.6032407407407407 0.009375 0.036111111111111115
0 0.49635416666666665 0.5013888888888889 0.008333333333333333 0.026851851851851852
0 0.49973958333333335 0.3287037037037037 0.0067708333333333336 0.022222222222222223
2 0.4856770833333333 0.3592592592592593 0.0109375 0.011111111111111112
2 0.4979166666666667 0.3893518518518519 0.00625 0.010185185185185186
2 0.48671875 0.4240740740740741 0.015104166666666667 0.014814814814814815
2 0.4934895833333333 0.46620370370370373 0.009895833333333333 0.019444444444444445
2 0.50390625 0.5555555555555556 0.019270833333333334 0.018518518518518517
7 0.53046875 0.1953703703703704 0.0328125 0.05555555555555556
