7 0.5341145833333333 0.24675925925925926 0.033854166666666664 0.0638888888888889
0 0.5 0.4152777777777778 0.008333333333333333 0.025
0 0.49505208333333334 0.6527777777777778 0.009895833333333333 0.03518518518518519
0 0.46901041666666665 0.8097222222222222 0.0109375 0.04351851851851852
0 0.4153645833333333 0.9046296296296297 0.013020833333333334 0.05
2 0.48359375 0.4527777777777778 0.0140625 0.014814814814814815
2 0.4973958333333333 0.4953703703703704 0.008333333333333333 0.016666666666666666
2 0.48515625 0.5449074074074074 0.018229166666666668 0.017592592592592594
2 0.4927083333333333 0.6013888888888889 0.009375 0.025
2 0.503125 0.7324074074074074 0.02395833333333333 0.024074074074074074
6 0.2674479166666667 0.7949074074074074 0.019270833333333334 0.11018518518518519
3 0.284375 0.8291666666666667 0.0125 0.12685185185185185
3 0.2994791666666667 0.8356481481481481 0.015625 0.1212962962962963
