7 0.5216145833333333 0.12361111111111112 0.03177083333333333 0.05277777777777778
6 0.3640625 0.3574074074074074 0.016666666666666666 0.07037037037037037
3 0.3763020833333333 0.3675925925925926 0.009895833333333333 0.07222222222222223
0 0.49505208333333334 0.21435185185185185 0.0078125 0.02314814814814815
0 0.49374999999999997 0.31666666666666665 0.00625 0.02592592592592593
0 0.4796875 0.3740740740740741 0.010416666666666666 0.02777777777777778
0 0.45026041666666666 0.40601851851851856 0.009895833333333333 0.026851851851851852
0 0.41796875 0.4412037037037037 0.009895833333333333 0.030555555555555558
2 0.48463541666666665 0.23425925925925928 0.013020833333333334 0.011111111111111112
2 0.4947916666666667 0.2537037037037037 0.008333333333333333 0.018518518518518517
2 0.48723958333333334 0.275 0.0140625 0.012962962962962964
2 0.49244791666666665 0.2967592592592593 0.0078125 0.01388888888888889
2 0.4984375 0.3476851851851852 0.016666666666666666 0.019444444444444445
