3 0.26666666666666666 0.9407407407407408 0.03958333333333333 0.11111111111111112
3 0.44166666666666665 0.7902777777777779 0.03125 0.1287037037037037
4 0.4283854166666667 0.6569444444444444 0.024479166666666666 0.10833333333333334
4 0.4864583333333333 0.5638888888888889 0.03229166666666666 0.10555555555555556
7 0.5315104166666667 0.25787037037037036 0.0390625 0.0712962962962963
0 0.48463541666666665 0.8773148148148149 0.0203125 0.05462962962962963
0 0.5078125 0.7759259259259259 0.017708333333333333 0.05740740740740741
0 0.5026041666666666 0.6962962962962963 0.0125 0.05
0 0.5015625 0.6212962962962963 0.014583333333333334 0.037037037037037035
0 0.5036458333333333 0.5657407407407408 0.009375 0.02592592592592593
0 0.5028645833333333 0.5175925925925926 0.008854166666666666 0.03333333333333333
0 0.49973958333333335 0.47453703703703703 0.0109375 0.03796296296296296
0 0.5010416666666666 0.43333333333333335 0.008333333333333333 0.037037037037037035
