4 0.4239583333333333 0.7458333333333333 0.029166666666666667 0.12685185185185185
6 0.4895833333333333 0.6314814814814815 0.027083333333333334 0.10925925925925926
3 0.45026041666666666 0.9175925925925926 0.0296875 0.1388888888888889
7 0.53984375 0.2814814814814815 0.049479166666666664 0.07592592592592592
0 0.5252604166666667 0.9101851851851852 0.018229166666666668 0.05555555555555556
0 0.5184895833333333 0.8032407407407408 0.01614583333333333 0.05277777777777778
0 0.5177083333333333 0.7143518518518519 0.014583333333333334 0.04351851851851852
0 0.5145833333333333 0.6439814814814815 0.008333333333333333 0.036111111111111115
0 0.5127604166666666 0.5893518518518519 0.0109375 0.030555555555555558
0 0.51171875 0.5291666666666667 0.013020833333333334 0.032407407407407406
0 0.5096354166666667 0.4851851851851852 0.013020833333333334 0.031481481481481485
