3 0.3614583333333333 0.41435185185185186 0.017708333333333333 0.07685185185185185
0 0.4122395833333333 0.4777777777777778 0.011979166666666666 0.031481481481481485
0 0.4458333333333333 0.4365740740740741 0.010416666666666666 0.030555555555555558
0 0.4765625 0.4027777777777778 0.011458333333333333 0.02777777777777778
0 0.4908854166666667 0.36944444444444446 0.0078125 0.02777777777777778
0 0.4895833333333333 0.3421296296296296 0.008333333333333333 0.02314814814814815
0 0.4903645833333333 0.31574074074074077 0.0078125 0.024074074074074074
0 0.4903645833333333 0.2916666666666667 0.008854166666666666 0.024074074074074074
6 0.47604166666666664 0.31666666666666665 0.010416666666666666 0.06851851851851852
3 0.4552083333333333 0.3689814814814815 0.013541666666666667 0.0712962962962963
4 0.4296875 0.34444444444444444 0.010416666666666666 0.07037037037037037
7 0.5145833333333333 0.13796296296296298 0.029166666666666667 0.05555555555555556
