3 0.3520833333333333 0.46990740740740744 0.016666666666666666 0.08240740740740742
0 0.40781249999999997 0.5412037037037037 0.010416666666666666 0.03425925925925926
0 0.4440104166666667 0.4939814814814815 0.0109375 0.032407407407407406
0 0.4765625 0.4550925925925926 0.010416666666666666 0.032407407407407406
0 0.4927083333333333 0.4175925925925926 0.009375 0.02962962962962963
0 0.49166666666666664 0.38472222222222224 0.008333333333333333 0.028703703703703703
0 0.4921875 0.3541666666666667 0.008333333333333333 0.026851851851851852
0 0.49166666666666664 0.32546296296296295 0.008333333333333333 0.026851851851851852
0 0.49166666666666664 0.30324074074074076 0.009375 0.025
0 0.4921875 0.2800925925925926 0.008333333333333333 0.02314814814814815
0 0.49140625 0.25833333333333336 0.008854166666666666 0.024074074074074074
7 0.5171875 0.1564814814814815 0.030208333333333334 0.05555555555555556
6 0.4752604166666667 0.34675925925925927 0.0140625 0.0712962962962963
3 0.4484375 0.41620370370370374 0.014583333333333334 0.0787037037037037
4 0.4328125 0.3842592592592593 0.016666666666666666 0.07222222222222223
