3 0.28046875 0.6300925925925926 0.021354166666666667 0.09722222222222222
3 0.41875 0.513425925925926 0.014583333333333334 0.08611111111111111
5 0.4627604166666667 0.4726851851851852 0.01614583333333333 0.08611111111111111
4 0.42291666666666666 0.45787037037037037 0.014583333333333334 0.075
0 0.3846354166666667 0.6833333333333333 0.009895833333333333 0.037037037037037035
0 0.43255208333333334 0.6152777777777778 0.009895833333333333 0.03425925925925926
0 0.4734375 0.5597222222222222 0.009375 0.032407407407407406
0 0.49453125 0.5087962962962963 0.008854166666666666 0.028703703703703703
0 0.4947916666666667 0.46435185185185185 0.008333333333333333 0.026851851851851852
0 0.4973958333333333 0.4236111111111111 0.008333333333333333 0.025
0 0.4981770833333333 0.3888888888888889 0.0078125 0.024074074074074074
0 0.5005208333333333 0.32916666666666666 0.007291666666666667 0.02314814814814815
0 0.5013020833333334 0.30462962962962964 0.0067708333333333336 0.020370370370370372
7 0.5333333333333333 0.1763888888888889 0.03229166666666666 0.05462962962962963
