3 0.2877604166666667 0.7518518518518519 0.028645833333333332 0.13148148148148148
3 0.43463541666666666 0.6402777777777778 0.0234375 0.11574074074074074
4 0.4421875 0.5518518518518519 0.019791666666666666 0.09814814814814815
6 0.4713541666666667 0.48379629629629634 0.021875 0.10277777777777779
7 0.5234375 0.22175925925925927 0.03854166666666667 0.0638888888888889
0 0.36796875 0.8851851851851852 0.018229166666666668 0.05555555555555556
0 0.42473958333333334 0.7824074074074074 0.013020833333333334 0.04814814814814815
0 0.4708333333333333 0.7064814814814815 0.015625 0.04259259259259259
0 0.4927083333333333 0.6342592592592593 0.0125 0.040740740740740744
0 0.4890625 0.5796296296296296 0.014583333333333334 0.03518518518518519
0 0.4934895833333333 0.5203703703703704 0.011979166666666666 0.037037037037037035
0 0.49166666666666664 0.47870370370370374 0.014583333333333334 0.03888888888888889
0 0.49296875 0.4388888888888889 0.011979166666666666 0.040740740740740744
0 0.4901041666666667 0.4046296296296297 0.0125 0.031481481481481485
0 0.4903645833333333 0.36944444444444446 0.0140625 0.02962962962962963
