3 0.3497395833333333 0.4726851851851852 0.018229166666666668 0.08611111111111111
4 0.4296875 0.3851851851851852 0.015625 0.07222222222222223
3 0.4473958333333333 0.4166666666666667 0.01875 0.07962962962962963
6 0.4747395833333333 0.34444444444444444 0.0140625 0.07222222222222223
0 0.40598958333333335 0.5453703703703704 0.0109375 0.03518518518518519
0 0.4427083333333333 0.4962962962962963 0.010416666666666666 0.03333333333333333
0 0.4752604166666667 0.4564814814814815 0.0109375 0.03333333333333333
0 0.4921875 0.4189814814814815 0.010416666666666666 0.030555555555555558
0 0.49114583333333334 0.3837962962962963 0.009375 0.025
0 0.49140625 0.35462962962962963 0.008854166666666666 0.02592592592592593
0 0.4908854166666667 0.3263888888888889 0.009895833333333333 0.025
0 0.4908854166666667 0.3027777777777778 0.0078125 0.02592592592592593
0 0.4908854166666667 0.2800925925925926 0.0078125 0.02314814814814815
0 0.4908854166666667 0.25787037037037036 0.0078125 0.02314814814814815
7 0.51640625 0.15462962962962964 0.030729166666666665 0.05555555555555556
