3 0.30807291666666664 0.5324074074074074 0.0203125 0.08518518518518518
3 0.42421875 0.4439814814814815 0.013020833333333334 0.08055555555555556
4 0.43203125 0.41250000000000003 0.0140625 0.07314814814814816
5 0.46822916666666664 0.42453703703703705 0.015625 0.07685185185185185
0 0.40078125 0.5791666666666667 0.008854166666666666 0.032407407407407406
0 0.44244791666666666 0.524537037037037 0.008854166666666666 0.032407407407407406
0 0.4786458333333333 0.48194444444444445 0.008333333333333333 0.028703703703703703
0 0.4979166666666667 0.4398148148148148 0.008333333333333333 0.02592592592592593
0 0.49765624999999997 0.4027777777777778 0.0078125 0.02592592592592593
0 0.5 0.3685185185185185 0.007291666666666667 0.024074074074074074
0 0.5005208333333333 0.3388888888888889 0.007291666666666667 0.022222222222222223
0 0.5005208333333333 0.3111111111111111 0.00625 0.022222222222222223
0 0.5020833333333333 0.28703703703703703 0.00625 0.020370370370370372
0 0.5033854166666667 0.2657407407407408 0.005729166666666666 0.016666666666666666
7 0.5330729166666667 0.1527777777777778 0.030729166666666665 0.05185185185185186
