3 0.26197916666666665 0.6912037037037038 0.02395833333333333 0.10277777777777779
3 0.4125 0.5504629629629629 0.016666666666666666 0.08981481481481482
5 0.4614583333333333 0.5018518518518519 0.017708333333333333 0.08518518518518518
4 0.42135416666666664 0.48750000000000004 0.019791666666666666 0.0787037037037037
0 0.37395833333333334 0.7490740740740741 0.010416666666666666 0.03888888888888889
0 0.4265625 0.6708333333333334 0.010416666666666666 0.036111111111111115
0 0.4700520833333333 0.6087962962962963 0.009895833333333333 0.03425925925925926
0 0.49296875 0.55 0.008854166666666666 0.031481481481481485
0 0.49296875 0.500925925925926 0.0078125 0.02777777777777778
0 0.49557291666666664 0.45601851851851855 0.0078125 0.026851851851851852
0 0.4966145833333333 0.41712962962962963 0.0078125 0.025
0 0.4973958333333333 0.3824074074074074 0.007291666666666667 0.024074074074074074
0 0.49921875 0.35185185185185186 0.0067708333333333336 0.022222222222222223
0 0.5005208333333333 0.325 0.00625 0.022222222222222223
7 0.53359375 0.18981481481481483 0.0328125 0.05925925925925926
