0 0.3453125 0.9541666666666667 0.015625 0.049074074074074076
0 0.4114583333333333 0.837037037037037 0.015625 0.04814814814814815
0 0.4627604166666667 0.75 0.015104166666666667 0.0462962962962963
0 0.4903645833333333 0.6731481481481482 0.019270833333333334 0.040740740740740744
0 0.49114583333333334 0.6032407407407407 0.011458333333333333 0.03981481481481482
0 0.4940104166666667 0.549074074074074 0.0109375 0.02962962962962963
0 0.49505208333333334 0.4967592592592593 0.011979166666666666 0.032407407407407406
0 0.4947916666666667 0.45462962962962966 0.009375 0.02962962962962963
0 0.496875 0.41805555555555557 0.010416666666666666 0.030555555555555558
0 0.4986979166666667 0.38101851851851853 0.0109375 0.025
7 0.5348958333333333 0.22453703703703703 0.03854166666666667 0.0787037037037037
5 0.459375 0.5916666666666667 0.026041666666666668 0.10925925925925926
4 0.4067708333333333 0.5699074074074074 0.022916666666666665 0.07314814814814816
3 0.4119791666666667 0.6569444444444444 0.025 0.09722222222222222
3 0.21119791666666665 0.8773148148148149 0.033854166666666664 0.13240740740740742
