7 0.5296875 0.19212962962962965 0.03333333333333333 0.06018518518518519
0 0.49921875 0.32407407407407407 0.005729166666666666 0.024074074074074074
0 0.49557291666666664 0.4902777777777778 0.0078125 0.028703703703703703
0 0.47630208333333335 0.5907407407407408 0.008854166666666666 0.03333333333333333
0 0.4354166666666667 0.6486111111111111 0.010416666666666666 0.03796296296296296
0 0.3872395833333333 0.7226851851851852 0.009895833333333333 0.03796296296296296
2 0.48463541666666665 0.3513888888888889 0.011979166666666666 0.010185185185185186
2 0.496875 0.38101851851851853 0.005208333333333333 0.012037037037037037
2 0.4864583333333333 0.4166666666666667 0.016666666666666666 0.011111111111111112
2 0.4934895833333333 0.4564814814814815 0.008854166666666666 0.018518518518518517
2 0.5036458333333333 0.5435185185185185 0.01875 0.016666666666666666
6 0.31744791666666666 0.5740740740740741 0.0171875 0.09074074074074075
3 0.33229166666666665 0.5939814814814816 0.0125 0.09537037037037037
3 0.34375 0.600925925925926 0.010416666666666666 0.09074074074074075
