0 0.4783854166666667 0.9564814814814815 0.022395833333333334 0.05740740740740741
0 0.48072916666666665 0.8402777777777778 0.011458333333333333 0.04351851851851852
0 0.48541666666666666 0.7462962962962963 0.013541666666666667 0.044444444444444446
0 0.48802083333333335 0.6680555555555556 0.0125 0.04166666666666667
0 0.48854166666666665 0.6032407407407407 0.013541666666666667 0.03981481481481482
0 0.4927083333333333 0.5486111111111112 0.011458333333333333 0.032407407407407406
0 0.4940104166666667 0.4986111111111111 0.0109375 0.032407407407407406
3 0.384375 0.9018518518518519 0.021875 0.13703703703703704
4 0.37447916666666664 0.7787037037037038 0.028125 0.10740740740740741
5 0.44114583333333335 0.7981481481481482 0.027083333333333334 0.12592592592592594
7 0.5364583333333334 0.2898148148148148 0.04375 0.08148148148148149
